11.584792
5.744216
4.4346023
4.0933304
3.0162618
1.8521137
1.3516457
1.0430428
1.0049506
0.83912426
0.7762564
0.65825707
0.5515661
0.4539015
0.35637516
0.3430531
0.32501748
0.25080413
0.2484236
0.22903842
0.202977
0.17903765
0.17337722
0.17300509
0.16672425
0.15278797
0.14726661
0.14075598
0.13197027
0.13048984
0.12389096
0.120801896
0.11125276
0.11066706
0.10374742
0.102032155
0.09354165
0.09185365
0.087474875
0.08457961
0.081555404
0.07883003
0.07659485
0.07502063
0.07331404
0.07211936
0.0682271
0.06744905
0.06557938
0.06276095
0.062565506
0.061972365
0.060251117
0.056651283
0.0552239
0.053057175
0.05079006
0.05061385
0.04766116
0.047034487
0.046515215
0.04595868
0.04541563
0.043771237
0.04364965
0.041684825
0.041267928
0.038658462
0.03838897
0.036773566
0.036606904
0.036105502
0.0356282
0.0348487
0.03394005
0.031422194
0.031105945
0.029199734
0.029065853
0.027804146
0.026966501
0.026387006
0.026279077
0.026029145
0.025375197
0.025248557
0.02445323
0.02403658
0.023995984
0.023187304
0.022835191
0.021053858
0.020032836
0.0195985
0.01910595
0.01796083
0.016140148
0.012316842
0.009311539
0.00739229
0.006929236
0.0069010723
