0.17562309,0.12530966,0.13736056,-2.0037816E-9,0.12102618,0.16720648,0.23550062,0.029087396,0.06474129,-0.14950313,-0.13179594,-0.005713472,0.08047407,-0.14416595,0.22966267,-0.16901208,0.17702292,-0.043371294,0.04783781,-0.012286443,-0.09135516,-0.04061779,-0.12187068,0.04641546,0.24958663,-0.09776138,0.0071536954,-0.0024941263
-0.12530966,0.17562309,2.0037816E-9,0.13736056,0.171066,-6.71642E-5,-0.117490254,0.0732171,0.16682453,-0.015757728,-0.016187381,0.24483757,0.2379751,0.18566063,0.26041964,0.089247294,0.11032484,0.18355563,-0.1365049,-0.0905224,0.053967603,0.19011146,0.017504714,0.05255271,0.24749328,0.10634391,0.1286797,-0.053730454
0.13619904,0.1585669,0.13736056,-1.5560402E-9,0.1377154,0.1304293,0.09705403,0.048453506,0.0047863857,-0.16738735,-0.12509365,0.12501681,-0.034319386,-0.0042138,0.085658334,-0.060243215,0.24778187,-0.0066472413,0.022081433,-0.044543125,0.05676479,0.029932898,-0.048544165,-0.0151905,0.12974216,0.060105994,-0.032920823,-0.06474779
-0.1585669,0.13619904,1.5560403E-9,0.13736056,0.058820456,0.045981996,-0.101388834,0.00789883,0.14976151,-0.05175684,0.1001496,0.11158134,0.17778394,0.034201045,-0.12792698,0.1423791,0.02778822,0.0050323238,-0.13462812,0.045522567,-0.04033598,0.009643027,0.09881418,0.12751094,-0.058170073,-0.074670546,-0.089246795,0.08421508
0.08866844,0.15828693,0.13736056,-1.0148711E-9,0.10387314,0.09613802,-0.012111737,0.034289725,-0.06328613,-0.17182676,-0.03970079,0.16576944,-0.105196655,0.047408246,-0.18834329,0.074682474,0.17307888,-0.07312042,-3.0319457E-4,0.012686154,0.14579584,-0.020774035,0.055209555,-0.006106072,-0.21507168,-0.045795474,-0.045117203,-0.06879964
-0.15828693,0.08866844,1.0148711E-9,0.13736056,-0.012393044,0.07728396,-0.088247105,-0.056294978,0.17103167,-0.10024124,0.050553054,-0.098851226,0.12067186,-0.11524989,-0.18895502,0.02257913,-0.03506892,-0.10020001,-0.06462733,0.036423985,-0.040645722,-0.010745053,0.09976542,0.111004055,-0.03564646,-0.022906484,-0.020646973,0.11773969
0.04473905,0.1317546,0.13736056,-5.138184E-10,0.059674546,0.057465125,-0.063178875,0.0060651526,-0.10287814,-0.09007278,0.002969579,0.10410152,-0.15150066,0.059759412,-0.31652886,0.17273773,0.028991425,-0.10668113,-0.052922327,-0.013146184,0.13411772,0.0145136705,0.03141776,0.05926965,-0.24467044,0.08345825,0.12022618,0.053273164
-0.1317546,0.04473905,5.138184E-10,0.13736056,-0.019480158,0.101127714,-0.067927375,-0.07286318,0.187017,-0.066793725,-0.017307524,-0.21360612,0.105335854,-0.21585089,-0.02403594,-0.1255243,-0.039431073,-0.10918591,0.029432457,-0.068524964,-0.02245708,0.08399053,0.045124747,0.0587317,0.108479045,0.16417459,0.11682255,0.07514868
0.090992644,0.13249634,0.13736056,-1.0404638E-9,0.088506445,0.09804621,0.0129664,0.01856046,-0.056494176,-0.15092124,-0.073376484,0.089925036,-0.10996846,-0.010352111,-0.17118777,0.06218497,0.14610426,-0.111525014,0.0090387715,-0.0029998485,0.10339017,0.0174143,0.0371796,0.020638475,-0.18150455,6.0453184E-4,0.02596268,-0.002661352
-0.13249634,0.090992644,1.0404638E-9,0.13736056,0.00941732,0.074936874,-0.09975087,-0.042468585,0.21292946,-0.07074507,-0.04267387,-0.1013527,0.13779204,-0.024277499,-0.012402434,-0.04174342,-0.038320895,-0.058392208,0.111749865,0.02348006,-0.009033004,-0.12369841,0.08689421,-0.14439185,0.0060964427,-0.054742005,-0.010791182,0.080272816
0.13384299,0.13355213,0.13736056,-1.5283721E-9,0.10691573,0.13601229,0.10397214,0.025277875,0.0102458615,-0.1560593,-0.13508373,0.05049788,-0.040267043,-0.08031397,0.053586196,-0.058155987,0.20323801,-0.05196613,0.044710178,-0.0032536488,0.030471437,-0.005267877,-0.016169839,-0.003764252,0.08585179,0.026786357,-0.028918553,-0.0026624922
-0.13355213,0.13384299,1.5283721E-9,0.13736056,0.05795785,0.04770567,-0.11550535,0.002764895,0.22168548,-0.048626196,-0.009166737,0.084832646,0.18291888,0.15717591,0.035412986,0.0705747,0.0070369854,0.04304049,0.09584879,0.01495649,0.04334088,-0.11384897,0.0572753,-0.18686919,0.013099685,-0.118670456,-0.08269806,0.055105366
-0.17562309,0.12530966,0.13736056,1.9953326E-9,-0.121026136,-0.16720645,0.23550043,-0.029087603,-0.06474138,0.14950304,0.13179585,0.0057134507,0.080474354,0.1441659,-0.22966254,0.1690121,0.17702271,0.04337198,-0.047838543,0.012286469,-0.09135487,0.0406153,-0.12187128,-0.04641495,0.24958706,0.09776196,-0.0071526715,-0.0024950975
-0.12530966,-0.17562309,-1.9953326E-9,0.13736056,0.17106594,-6.716374E-5,0.11749047,0.073217034,0.16682461,-0.015757717,-0.016187256,0.244838,-0.23797478,0.18566062,0.26041952,0.08924734,-0.110324785,0.18355554,-0.13650516,-0.09052326,-0.05396627,0.19011118,-0.017508062,0.052551873,-0.24749385,0.10634404,0.12867968,0.053729374
-0.13619904,0.1585669,0.13736056,1.5453487E-9,-0.13771538,-0.13042925,0.09705417,-0.048453595,-0.004786457,0.16738728,0.12509373,-0.12501699,-0.034319595,0.0042138956,-0.08565846,0.060243294,0.2477816,0.006647322,-0.022080848,0.0445435,0.056764677,-0.02993401,-0.048543625,0.015190653,0.12974162,-0.060105685,0.03292047,-0.06474738
-0.1585669,-0.13619904,-1.5453486E-9,0.13736056,0.058820482,0.04598204,0.10138884,0.007898754,0.14976156,-0.05175695,0.10014967,0.11158166,-0.17778368,0.03420104,-0.12792693,0.14237925,-0.02778827,0.0050324346,-0.13462818,0.045522507,0.040336646,0.009641506,-0.09881407,0.12751101,0.05817085,-0.074670844,-0.089246966,-0.08421432
-0.08866844,0.15828693,0.13736056,1.0041984E-9,-0.10387322,-0.09613804,-0.012111706,-0.03428968,0.06328614,0.17182668,0.039700795,-0.16576937,-0.10519683,-0.047408104,0.1883433,-0.07468236,0.17307885,0.07312046,3.040684E-4,-0.012685717,0.14579578,0.020775419,0.055209115,0.0061054653,-0.21507171,0.04579479,0.04511634,-0.068800084
-0.15828693,-0.08866844,-1.0041984E-9,0.13736056,-0.012393044,0.07728394,0.088247016,-0.05629507,0.1710316,-0.10024129,0.05055309,-0.09885113,-0.120671876,-0.11524989,-0.18895504,0.022579167,0.035068993,-0.10020006,-0.0646271,0.036424026,0.040645797,-0.010746748,-0.099764824,0.111004256,0.03564666,-0.0229071,-0.020647217,-0.11773946
-0.04473905,0.1317546,0.13736056,5.049347E-10,-0.059674524,-0.05746515,-0.063178875,-0.0060651107,0.10287806,0.09007277,-0.0029695425,-0.10410128,-0.1515007,-0.059759274,0.31652898,-0.17273784,0.028991451,0.106681034,0.052923027,0.013146524,0.13411736,-0.0145131,0.031417973,-0.059270322,-0.2446697,-0.08345827,-0.12022681,0.0532739
-0.1317546,-0.04473905,-5.049347E-10,0.13736056,-0.019480173,0.10112771,0.067927286,-0.07286326,0.18701683,-0.066793665,-0.0173075,-0.21360578,-0.105336234,-0.21585076,-0.024035895,-0.12552415,0.03943125,-0.10918565,0.029432524,-0.068524696,0.022457208,0.08398994,-0.04512628,0.058731798,-0.10847992,0.16417433,0.11682207,-0.07515041
-0.090992644,0.13249634,0.13736056,1.0315302E-9,-0.088506356,-0.09804624,0.012966444,-0.018560454,0.05649416,0.15092148,0.07337654,-0.0899248,-0.10996846,0.0103521785,0.17118764,-0.06218479,0.14610426,0.111525096,-0.009038259,0.0030000452,0.10339028,-0.017413579,0.037179686,-0.020638922,-0.18150401,-6.051288E-4,-0.025963495,-0.0026611038
-0.13249634,-0.090992644,-1.0315302E-9,0.13736056,0.009417329,0.07493698,0.099750884,-0.04246868,0.2129294,-0.07074522,-0.04267381,-0.10135252,-0.1377923,-0.02427748,-0.012402363,-0.041743256,0.03832105,-0.058392305,0.11174993,0.023480138,0.009032263,-0.12370002,-0.08689265,-0.14439139,-0.006096612,-0.054742433,-0.010791552,-0.080272816
-0.13384299,0.13355213,0.13736056,1.5193672E-9,-0.106915794,-0.13601229,0.103972055,-0.025277989,-0.010245884,0.15605949,0.13508385,-0.05049808,-0.040267188,0.08031384,-0.053586245,0.058156006,0.20323783,0.05196613,-0.044709854,0.0032537547,0.030471845,0.0052676294,-0.016170057,0.003764235,0.08585131,-0.026786385,0.028919103,-0.0026622664
-0.13355213,-0.13384299,-1.5193672E-9,0.13736056,0.05795786,0.047705732,0.11550513,0.002764801,0.22168562,-0.048626207,-0.009166628,0.08483291,-0.18291837,0.157176,0.035413027,0.07057477,-0.007037143,0.043040525,0.095848754,0.014956247,-0.043341536,-0.11385026,-0.057273734,-0.18686917,-0.013099215,-0.118670404,-0.082698345,-0.055104572
-0.13986233,0.08091978,0.13736056,1.5896747E-9,-0.102253936,-0.12528534,0.157329,-0.026707714,-0.026635794,-0.017900927,-0.099984854,0.21586096,0.02738626,0.08630608,-0.05641294,-0.10048061,-0.16532731,-0.16932784,0.107876875,-0.04803424,-0.056836043,-0.013960685,0.023964925,-0.15604965,-0.0176648,0.021531962,0.041353334,0.027631026
-0.08091978,-0.13986233,-1.5896747E-9,0.13736056,0.18707606,-0.014411053,0.11597409,0.05427388,-0.14118253,0.08505239,-0.002227849,0.020996803,-0.13331021,-0.03107945,-0.0010265817,-0.07094815,0.042360537,0.09635743,-0.013682057,0.08046353,-0.028274227,-0.051443048,-0.010488453,0.0019110842,0.03166778,0.01116532,-0.014902636,0.048459675
-0.10321269,0.1009035,0.13736056,1.1717265E-9,-0.09114437,-0.094420224,0.09934051,-0.029023895,-0.021894557,-0.0052570305,-0.080196224,0.1444026,-0.013462454,0.017912876,0.0411811,-0.10302259,-0.19395903,-0.17010537,0.0091237305,-0.030231785,0.019385077,-0.008155412,0.07845824,0.058881853,-0.0015236696,-0.016101664,0.03274401,-0.031429585
-0.1009035,-0.10321269,-1.1717265E-9,0.13736056,0.12457864,-0.0031698977,0.091525845,-0.014162643,-0.15178026,0.047725055,-0.10465993,0.015600264,-0.10589349,0.026519516,-0.10004714,-0.16466488,0.043034278,0.088184364,0.13614589,0.07358505,-0.019173736,-0.13634191,0.008204518,-0.19665383,0.03393738,-0.036078356,-0.06659202,0.022722926
-0.06421481,0.08028022,0.13736056,7.284114E-10,-0.065688856,-0.06359353,0.10623292,-0.015785739,-0.015198374,-0.020808596,-0.011584902,0.10688575,-0.00771052,-0.05766445,0.098356485,-0.13173798,-0.16787887,-0.12969871,-0.08935533,0.017811747,0.009647538,-0.017518945,0.02076437,0.25697866,-0.02015718,-0.029619599,-0.083445586,0.027919546
-0.08028022,-0.06421481,-7.284114E-10,0.13736056,0.14389426,0.010190712,0.04929218,0.009398704,-0.16781934,0.061036024,-0.0022490737,-0.029136121,-0.08930135,-0.029424844,-0.026375547,-0.06392224,9.840018E-4,0.0025461833,-0.072284006,0.001428629,0.01457238,0.032524776,0.008769867,0.08541079,0.024067178,0.0055504357,0.09403952,-0.009336194
-0.10297451,0.06828723,0.13736056,1.1701144E-9,-0.08112129,-0.09522831,0.12551627,-0.016683277,-0.014253037,-0.0086187,-0.065201215,0.15919578,5.0516514E-4,0.014826159,0.029802168,-0.11944112,-0.17625394,-0.13597187,0.02629781,0.009231145,0.029906822,-0.040215824,0.020007208,0.037752897,-0.0018013527,0.0055363565,-0.02904206,0.03706939
-0.06828723,-0.10297451,-1.1701144E-9,0.13736056,0.14148839,0.0046484307,0.07366139,0.03591759,-0.16801146,0.044973407,-5.131867E-4,-0.05960677,-0.109843746,-0.06284423,0.011241356,-0.08297555,0.031336658,0.037633486,-0.11388417,0.08473644,0.020600954,-0.038505808,-0.004724397,0.17776239,0.045802817,0.023734482,0.028195802,0.007114233
-0.10254183,0.08573816,0.13736056,1.1645997E-9,-0.079871535,-0.087795556,0.11538494,-0.018646501,-0.03112075,-0.021504357,-0.057030674,0.1569314,0.007982291,-0.010799363,0.023078958,-0.13926902,-0.3770908,-0.16198473,-0.00808158,-0.02677545,0.17829353,0.013458799,0.035223104,0.09461116,0.114036635,-0.0022617367,0.069506116,-0.11012084
-0.08573816,-0.10254183,-1.1645997E-9,0.13736056,0.14549525,-0.0044430657,0.096311055,0.01511588,-0.16452953,0.077796906,-0.05006026,-0.015161416,-0.10996326,-0.018518994,-0.037070267,-0.09209217,0.046551723,0.057859328,0.033072013,0.056977093,-0.033142984,-0.0727457,0.034606285,0.0032409348,0.02892029,-0.02801908,-0.010297,0.021243744
0.13986233,0.08091978,0.13736056,-1.5951309E-9,0.102253884,0.12528539,0.15732889,0.026707588,0.026635787,0.017900854,0.09998493,-0.21586083,0.027385933,-0.086306155,0.05641289,0.100480795,-0.16532734,0.16932797,-0.10787747,0.048034236,-0.056835156,0.013961252,0.023965256,0.15604945,-0.017665068,-0.02153205,-0.04135287,0.027631022
-0.08091978,0.13986233,1.5951309E-9,0.13736056,0.18707617,-0.014411033,-0.11597404,0.054273948,-0.14118256,0.08505241,-0.002228159,0.020996843,0.13331015,-0.031079456,-0.0010263642,-0.07094847,-0.04236061,0.09635732,-0.013682096,0.08046342,0.028274167,-0.05144258,0.010489363,0.0019108461,-0.0316682,0.011164858,-0.014902658,-0.048460152
0.10321269,0.1009035,0.13736056,-1.17853E-9,0.09114449,0.09442026,0.09934046,0.029023822,0.021894593,0.005256951,0.080196284,-0.14440249,-0.013462592,-0.017912889,-0.04118114,0.10302241,-0.19395947,0.17010508,-0.009123558,0.030231835,0.019385224,0.008156745,0.078458086,-0.05888194,-0.0015232945,0.016101513,-0.032743968,-0.031429563
-0.1009035,0.10321269,1.17853E-9,0.13736056,0.124578685,-0.003169922,-0.091525756,-0.014162601,-0.15178035,0.047725067,-0.10466002,0.01560003,0.10589344,0.026519313,-0.100047134,-0.16466512,-0.043034427,0.08818389,0.13614614,0.073584944,0.019172512,-0.13634217,-0.0082022175,-0.1966541,-0.033936948,-0.03607857,-0.06659205,-0.022722568
0.06421481,0.08028022,0.13736056,-7.338243E-10,0.065688886,0.06359363,0.10623294,0.015785651,0.015198337,0.02080856,0.011584926,-0.10688563,-0.00771056,0.057664536,-0.09835628,0.13173777,-0.16787933,0.12969851,0.089355305,-0.017811773,0.009647047,0.017519228,0.02076367,-0.2569787,-0.02015717,0.02961994,0.083445355,0.027919313
-0.08028022,0.06421481,7.338243E-10,0.13736056,0.14389427,0.010190711,-0.04929227,0.009398753,-0.16781917,0.061035994,-0.0022491475,-0.029136376,0.089301355,-0.029424977,-0.026375653,-0.063922316,-9.83883E-4,0.0025460976,-0.07228397,0.00142861,-0.014572095,0.032524772,-0.00877028,0.085410655,-0.024067566,0.0055506104,0.094039515,0.0093362965
0.10297451,0.06828723,0.13736056,-1.1747188E-9,0.08112135,0.09522846,0.12551633,0.016683174,0.014253017,0.0086186305,0.06520125,-0.15919605,5.05014E-4,-0.014826176,-0.02980226,0.119441174,-0.17625424,0.13597167,-0.026297694,-0.009231064,0.029907135,0.04021604,0.020006184,-0.037752885,-0.0018010141,-0.005536145,0.029041998,0.037069306
-0.06828723,0.10297451,1.1747188E-9,0.13736056,0.14148834,0.0046483935,-0.07366136,0.03591758,-0.16801128,0.044973433,-5.1322504E-4,-0.059607077,0.10984348,-0.06284435,0.0112413345,-0.08297563,-0.03133667,0.037633277,-0.11388428,0.084736496,-0.020600442,-0.03850594,0.0047255596,0.1777622,-0.045803595,0.023734247,0.028195461,-0.007114405
0.10254183,0.08573816,0.13736056,-1.1703806E-9,0.07987156,0.087795526,0.11538486,0.018646445,0.031120716,0.021504276,0.057030693,-0.15693142,0.007982192,0.010799368,-0.023078926,0.1392684,-0.37709132,0.16198388,0.008082508,0.026776075,0.17829354,-0.013458059,0.035223186,-0.09461107,0.11403672,0.0022613888,-0.06950619,-0.11012046
-0.08573816,0.10254183,1.1703806E-9,0.13736056,0.14549524,-0.0044430885,-0.096311,0.0151159605,-0.16452956,0.07779698,-0.05006038,-0.0151614,0.109963186,-0.018518899,-0.037070107,-0.09209217,-0.04655166,0.057859045,0.033072058,0.056977164,0.0331426,-0.07274607,-0.034605026,0.0032411935,-0.028920094,-0.02801914,-0.010297506,-0.02124389
-0.024842817,0.0844163,0.13736056,2.8000202E-10,-0.020943277,-0.009234755,-0.058769826,0.00595789,-8.816128E-4,0.0047198115,0.033734765,0.039798275,-0.09582583,-0.060977582,0.023204297,-0.024156371,-0.027295588,0.023296876,0.02554652,0.0030454646,-0.17273256,0.03716312,0.084253505,0.009199499,-0.037992217,0.007639919,-0.1323384,0.11046963
-0.0844163,-0.024842817,-2.80002E-10,0.13736056,0.037253324,-0.013547919,-0.0036850167,-0.06467554,-0.15253806,0.10198403,-0.24290004,-0.109734446,-0.012662784,-0.082990974,0.05699916,0.2588927,-0.009138625,-0.14117345,0.14347617,-0.23418145,0.04918254,0.32780486,-0.0130970115,-0.06751621,0.040828813,0.05397198,-0.13013193,-0.026123127
-0.032692693,0.022093154,0.13736056,3.714779E-10,-0.014983108,-0.024277303,-0.12174856,0.009738184,-0.010039236,-0.03291187,-0.025777156,0.029840976,-0.13730018,-0.061347887,0.008049658,-0.009690765,0.0018840329,0.033350926,-0.049514126,0.11429662,-0.2698238,0.20898296,0.109962836,-0.025749318,0.057997204,0.012945175,-0.15022221,0.08395956
-0.022093154,-0.032692693,-3.714779E-10,0.13736056,-0.12717427,0.0996415,-0.024111895,-0.10209913,-0.17731965,-0.06217755,0.0150523465,-0.017669858,-0.014616892,0.006141751,0.15545818,0.20196728,-0.031125305,4.488847E-4,-0.049572326,-0.34320542,0.19700336,-0.37243998,-0.10450588,0.053388435,0.08218429,-0.064745955,0.05576717,-0.04497788
-0.067792304,-0.01985395,0.13736056,7.7251877E-10,-0.09354851,-0.06568176,-0.028850576,0.055119082,-0.03972691,-0.048917048,-0.12064655,0.0995913,-0.048820756,-0.26485437,0.1241832,0.23729673,-0.021243123,0.03542225,-0.13805726,0.18660979,-0.16465938,-0.11871153,-0.11010116,-0.048083417,0.07495834,-0.03298693,-0.100449845,0.19821802
0.01985395,-0.067792304,-7.7251877E-10,0.13736056,-0.062061306,0.1066871,0.038691718,0.05618707,-0.14713983,-0.11252648,0.45260766,0.07862609,-0.028729137,-0.014293153,0.038033385,-0.16775773,0.061837167,-0.053142246,-0.01951096,-0.19908287,-0.103309125,0.12556297,0.5264387,-0.16178559,0.0923366,0.07710327,-0.17291133,-0.32774988
-0.052264143,-0.047973327,0.13736056,5.966708E-10,-0.054074157,-0.04846921,-0.07251078,0.09604846,-0.053124163,-0.1291774,0.10439181,0.08593671,-0.07274334,-0.28327584,0.02706865,0.06662492,-0.018077102,0.02401042,-0.062125076,0.104606815,-0.13717115,-0.013838905,-0.012711793,-0.1826739,0.16997042,0.052464683,-0.04424118,0.08007916
0.047973327,-0.052264143,-5.966708E-10,0.13736056,-0.07333182,0.055178087,0.040258445,0.034516767,-0.07856121,-0.018023018,0.0659977,-0.039423853,-0.023562726,0.035180405,0.10304788,0.05093248,0.025351053,-0.15961462,-0.029728753,0.22956362,0.023840278,0.12086317,0.078601494,-0.19799279,0.101930685,-0.08510495,0.34062716,0.025990149
3.3987597E-11,-0.057949975,0.13736056,1.9536582E-12,-1.6020572E-9,-1.9803382E-8,-0.20588778,9.2229506E-8,1.8303185E-8,2.5943717E-8,-6.6041565E-8,1.777057E-8,-0.07647022,1.1237468E-8,1.1501726E-8,-9.087276E-8,-0.020996105,-2.5300505E-8,1.9597613E-7,8.410779E-8,0.036463965,-5.4003493E-7,-0.049911212,1.3741003E-7,0.09083741,-1.48709605E-8,6.622335E-8,-0.029243939
0.057949975,3.3987597E-11,-1.953667E-12,0.13736056,-0.15913543,0.13414136,-5.734202E-8,-0.10548644,-0.06662904,-0.028508432,0.045927487,0.0071115578,4.0667178E-8,0.0725946,0.04802686,-0.007837845,-6.083208E-8,0.034409232,-0.0016189837,0.1224311,-1.7203006E-7,0.02714355,3.619629E-8,0.18409778,-8.029795E-7,-0.033378877,0.16890152,9.78349E-8
0.052264143,-0.047973327,0.13736056,-5.934362E-10,0.05407414,0.048469156,-0.07251082,-0.09604844,0.053124182,0.1291773,-0.10439188,-0.08593665,-0.07274338,0.28327557,-0.027068734,-0.066624954,-0.018077169,-0.024010459,0.06212454,-0.10460716,-0.1371713,0.013838529,-0.012712017,0.18267438,0.16997017,-0.052464474,0.044241745,0.08007954
0.047973327,0.052264143,5.934362E-10,0.13736056,-0.073331825,0.055178046,-0.040258456,0.03451679,-0.078561254,-0.018023048,0.06599764,-0.03942396,0.023562633,0.035180338,0.10304786,0.050932456,-0.025350865,-0.1596145,-0.029728789,0.22956347,-0.023841176,0.120861664,-0.07860413,-0.19799261,-0.10193089,-0.08510489,0.34062696,-0.0259907
0.067792304,-0.01985395,0.13736056,-7.7118006E-10,0.093548596,0.0656818,-0.028850684,-0.055119082,0.039726913,0.048917018,0.12064658,-0.099591225,-0.04882077,0.26485434,-0.12418325,-0.23729677,-0.021242918,-0.035422113,0.13805635,-0.18661016,-0.1646599,0.11870933,-0.110103674,0.048084196,0.07495835,0.032988254,0.100450076,0.19821738
0.01985395,0.067792304,7.7118006E-10,0.13736056,-0.06206131,0.10668705,-0.038691726,0.05618709,-0.1471399,-0.11252653,0.45260736,0.07862606,0.028729325,-0.014293119,0.038033333,-0.16775778,-0.061836883,-0.05314224,-0.01951054,-0.19908205,0.1033097,0.12555341,-0.5264414,-0.16178459,-0.092335746,0.07710523,-0.172911,0.32775038
0.032692693,0.022093154,0.13736056,-3.7296752E-10,0.014983086,0.024277287,-0.12174873,-0.009738086,0.010039256,0.032911986,0.025777021,-0.029840793,-0.13729987,0.06134804,-0.008049635,0.009690777,0.0018840187,-0.033350814,0.04951263,-0.11429731,-0.26982325,-0.20898116,0.109966435,0.02574962,0.05799685,-0.012944594,0.15022242,0.083958834
-0.022093154,0.032692693,3.7296752E-10,0.13736056,-0.12717427,0.09964153,0.02411175,-0.10209901,-0.17731953,-0.062177565,0.015052341,-0.017669782,0.014616869,0.006141745,0.1554582,0.20196737,0.031125236,4.4888872E-4,-0.049573507,-0.3432061,-0.19700183,-0.37243834,0.10451268,0.05338807,-0.08218441,-0.064745925,0.055766806,0.044977788
0.024842817,0.0844163,0.13736056,-2.8569386E-10,0.020943288,0.009234746,-0.058769844,-0.0059578414,8.816281E-4,-0.0047197677,-0.033734776,-0.039798148,-0.09582595,0.060977627,-0.02320429,0.024156358,-0.027295569,-0.023296816,-0.02554741,-0.0030459166,-0.17273255,-0.03716175,0.08425403,-0.009199515,-0.03799243,-0.0076393606,0.13233835,0.11046911
-0.0844163,0.024842817,2.8569389E-10,0.13736056,0.03725334,-0.013547922,0.003684966,-0.06467555,-0.152538,0.10198406,-0.24290018,-0.10973444,0.012662538,-0.082991056,0.056999207,0.25889325,0.009138519,-0.14117354,0.14347607,-0.2341815,-0.049182937,0.32780504,0.013090997,-0.06751639,-0.040828094,0.053971887,-0.13013239,0.026123634
-0.035049446,-0.036974043,0.13736056,4.0030204E-10,-0.0054786317,-0.05299761,-0.19850636,0.07464588,-0.032586552,-0.032630403,0.02248391,0.04146094,-0.13269319,-0.17244834,0.049079135,0.06081054,-0.028819826,-0.022492526,-0.10147128,0.010421267,-0.014126745,0.0050638453,-0.032381296,-0.07063655,0.10989226,-0.04344252,0.03701304,0.024062444
0.036974043,-0.035049446,-4.0030204E-10,0.13736056,-0.17072883,0.122476324,0.033141103,-0.11898448,-0.108102806,-0.055630196,0.008076921,-0.005880743,-0.007974497,0.12269534,0.10749997,0.045530576,0.007237489,-0.027032418,0.065924816,0.21644247,0.045346603,0.07177081,0.014688716,-0.005502597,0.03159443,-0.065265015,0.103749424,0.004670504
0.035049446,-0.036974043,0.13736056,-3.9780904E-10,0.0054786266,0.052997526,-0.19850643,-0.07464575,0.032586575,0.032630503,-0.022483932,-0.04146079,-0.13269274,0.17244847,-0.049079046,-0.06081057,-0.028819801,0.022492595,0.10147126,-0.010421236,-0.014127354,-0.00506451,-0.03238111,0.07063681,0.109891914,0.04344289,-0.03701285,0.024062287
0.036974043,0.035049446,3.9780904E-10,0.13736056,-0.17072879,0.12247634,-0.033141207,-0.118984446,-0.108102985,-0.055630244,0.008076861,-0.005880689,0.007974522,0.12269528,0.10749996,0.045530546,-0.0072374432,-0.027032172,0.065924555,0.2164425,-0.04534777,0.07177043,-0.014689881,-0.005502359,-0.03159483,-0.06526469,0.10374911,-0.0046701683
-0.08637443,-0.1263011,0.13736056,9.876743E-10,-0.07349037,-0.17212507,0.16649431,0.17055474,-0.059450906,-0.288418,-0.0818977,-0.14542666,0.17578004,0.09377695,-0.009139102,0.019502813,0.031577017,0.122224145,0.06961497,0.0028026612,-0.08462785,-0.01136323,-0.034349564,0.019321999,-0.09755957,0.1455375,0.06961408,0.00866287
0.1263011,-0.08637443,-9.876743E-10,0.13736056,0.0784543,-0.12741053,0.041493896,0.2792406,0.05993602,0.08045901,0.111362316,-0.056554746,-0.01370488,0.076044805,0.09738999,0.12350721,0.028435288,-0.25929016,0.1764441,0.085807845,0.20588247,-0.11846555,0.13402325,0.11938689,0.091207385,0.08125013,-0.10197794,0.18738942
-0.05319504,-0.10250333,0.13736056,6.0910793E-10,-0.061377674,-0.062245224,-0.05159059,0.08542997,-0.04114398,-0.15432818,-0.06427494,-0.05984607,0.06353135,0.033271506,-0.027553672,-0.04495237,0.008752253,0.09742198,0.0032214238,-0.038182262,0.008893275,0.060873605,-0.051829133,-0.018804802,-0.008217306,-0.07974474,-0.015383875,-0.17331585
0.10250333,-0.05319504,-6.0910793E-10,0.13736056,-0.13184197,0.02579934,0.029092817,0.20502181,0.05943956,0.110700235,-0.061486337,0.06320449,-0.0129596945,-0.07185299,-0.057186823,-0.012597693,0.026764866,0.056133207,-0.013691915,-0.03927994,0.09939464,-0.034855213,0.1329912,-0.004802662,0.04061014,0.06988128,0.03959417,0.09605993
-0.019863753,-0.09417378,0.13736056,2.2933368E-10,-0.0085804565,-0.017728576,-0.14237218,0.0072640637,-0.023359213,-0.0585487,0.0029474725,-0.0154995555,0.014460391,0.00905746,-0.011702613,-0.012586366,0.0076089795,0.021415377,0.020361515,-0.010855761,0.03499886,0.037673026,0.0065076216,-0.001474013,0.017525407,-0.11424018,-0.02483186,-0.15583819
0.09417378,-0.019863753,-2.2933368E-10,0.13736056,-0.20748344,0.09086532,0.0054024453,0.13100061,0.057537623,0.11915814,-0.07664381,0.11490255,0.0013560452,-0.08643829,-0.13795236,-0.085754566,0.0030837995,0.1740158,0.01307355,-0.08131643,0.057999596,-0.011568916,0.006303738,0.019319976,0.019710038,0.12193387,0.069089435,0.014015494
3.5418116E-11,-0.097629525,0.13736056,3.2913737E-12,-1.3010142E-9,-1.618958E-8,-0.16482073,7.055215E-8,6.6818493E-9,3.271183E-8,-3.6983753E-8,-1.0307495E-8,0.005224118,1.9090066E-8,9.235638E-9,-4.212121E-8,7.967958E-6,-2.0275818E-8,4.341539E-7,1.9110529E-7,0.13685545,-3.1969824E-7,-0.036644496,-9.387757E-8,0.042482767,-3.8286785E-7,-1.935014E-8,-0.12595409
0.097629525,3.5418116E-11,-3.2913834E-12,0.13736056,-0.21481852,0.078053825,5.1961386E-8,0.11432326,0.070931435,0.150088,-0.16095553,0.1123424,1.2194014E-8,-0.05509384,-0.09907802,-0.0486081,-1.0916582E-7,0.115860745,-0.0109042525,-0.07081556,1.416212E-7,-0.010816864,8.1348496E-8,-0.044757448,-1.3615079E-7,0.09688446,0.11881359,-4.676512E-7
0.019863753,-0.09417378,0.13736056,-2.2298391E-10,0.008580454,0.017728558,-0.14237224,-0.0072639426,0.023359222,0.058548797,-0.0029475424,0.015499532,0.014460433,-0.009057443,0.011702622,0.012586266,0.0076089753,-0.021415353,-0.020361297,0.010855903,0.034999,-0.03767295,0.006508234,0.0014739125,0.017525421,0.11423918,0.024831532,-0.1558388
0.09417378,0.019863753,2.2298391E-10,0.13736056,-0.20748366,0.09086537,-0.0054023485,0.13100065,0.057537716,0.11915797,-0.07664388,0.11490257,-0.0013559279,-0.08643825,-0.13795236,-0.08575444,-0.0030837925,0.17401624,0.013073185,-0.08131653,-0.057999343,-0.011569231,-0.006303398,0.019319953,-0.01971035,0.12193382,0.069089584,-0.014016123
0.05319504,-0.10250333,0.13736056,-6.0219657E-10,0.061377637,0.062245175,-0.05159066,-0.08542993,0.04114399,0.15432835,0.06427496,0.059845895,0.0635315,-0.033271484,0.027553704,0.044952404,0.00875225,-0.09742204,-0.0032213521,0.03818234,0.008893173,-0.060874596,-0.051827926,0.01880514,-0.008217558,0.079743296,0.015382854,-0.17331612
0.10250333,0.05319504,6.0219657E-10,0.13736056,-0.13184191,0.02579935,-0.029092638,0.20502195,0.059439585,0.11070019,-0.06148637,0.06320461,0.012959834,-0.07185311,-0.057186954,-0.012597723,-0.026764905,0.056133226,-0.01369247,-0.03928029,-0.0993944,-0.034857646,-0.13299052,-0.004802497,-0.040610284,0.06988083,0.03959411,-0.09606045
0.08637443,-0.1263011,0.13736056,-9.791583E-10,0.07349036,0.17212479,0.16649419,-0.17055482,0.059450947,0.28841764,0.081897706,0.14542626,0.1757803,-0.09377709,0.009139081,-0.01950274,0.031577054,-0.122224115,-0.06961558,-0.0028029091,-0.08462754,0.011362504,-0.034349956,-0.019321678,-0.09755965,-0.14553818,-0.06961471,0.008663947
0.1263011,0.08637443,9.791583E-10,0.13736056,0.0784543,-0.12741056,-0.041493624,0.27924058,0.05993611,0.08045891,0.1113623,-0.05655466,0.013704855,0.07604481,0.09738985,0.1235073,-0.028434943,-0.2592898,0.17644261,0.08580707,-0.20588367,-0.118467756,-0.13402106,0.119386755,-0.091207534,0.08124864,-0.10197857,-0.18738951
0.06523011,-0.15169378,0.13736056,-7.375635E-10,0.061410684,0.059210736,0.09233057,-0.209848,0.04020267,0.1507851,0.019304795,0.07511681,0.17994118,-0.032005314,0.0076337447,-0.01674862,0.06116992,-0.051616397,-0.09780567,-0.006048236,-0.108554594,0.008164244,0.06438951,-0.054923307,-0.15171532,-0.11870093,-0.014660908,0.06719838
0.15169378,0.06523011,7.375635E-10,0.13736056,0.074311346,-0.20027322,-0.02650837,-0.0013087504,0.055691887,-0.022351583,0.067782946,-0.04388302,0.01148476,0.03952547,0.036908306,0.0135374805,-0.03795069,-0.101958536,0.021953708,0.01890657,-0.2223061,-0.065046765,-0.11946411,0.029261421,-0.11099073,0.08876261,-0.0117695285,-0.24391805
0.035190135,-0.16476914,0.13736056,-3.951025E-10,0.02574245,0.020434953,0.0059539657,-0.11820109,0.020534446,0.059253626,-0.0137374485,0.029409936,0.1562149,-0.023639759,-0.0012362842,0.004769441,0.060915813,-0.03265522,-0.12130791,-0.01790597,-0.0094456095,0.018475207,0.10737279,-0.039911274,-0.117000334,-0.08165778,-0.026875893,0.1600449
0.16476914,0.035190135,3.9510248E-10,0.13736056,0.043741792,-0.25926512,-0.015855037,-0.20767763,0.041705057,-0.12065053,-0.03949829,-0.04991017,0.0059501687,0.032934964,-0.016831242,-0.04617836,-0.023132294,0.011959344,-0.16342501,-0.024827098,-0.120407216,-0.038713083,-0.068931065,-0.0947834,-0.06262959,0.1377919,0.010893273,-0.1570513
3.779671E-11,-0.16825625,0.13736056,5.672411E-12,-6.645108E-10,-7.8299625E-9,-0.062366728,2.4297378E-8,1.2739634E-8,1.4190536E-8,-6.7928255E-8,-7.865439E-8,0.11633537,-4.6267573E-8,1.329354E-8,-1.5263401E-8,0.026990067,-1.5595562E-8,2.5007535E-7,1.5808648E-7,0.10609337,4.222447E-7,0.04283893,-2.3975164E-7,-0.06466843,4.6029893E-7,1.6468846E-7,0.07331838
0.16825625,3.779671E-11,-5.672422E-12,0.13736056,0.028847074,-0.27301,-5.2168527E-8,-0.26038635,0.024808666,-0.16055597,-0.06536385,-0.043236203,-3.376618E-8,0.007517616,-0.036647312,-0.05581849,-7.8959964E-8,0.06513292,-0.2588548,-0.0331916,8.5282335E-7,-0.025160514,1.9156266E-7,-0.11524575,1.6234628E-7,0.114694886,0.018873863,-1.7550802E-7
-0.035190135,-0.16476914,0.13736056,4.062122E-10,-0.025742413,-0.020434977,0.0059540602,0.11820111,-0.020534456,-0.059253577,0.013737391,-0.029410163,0.15621494,0.023639675,0.0012362986,-0.0047694426,0.06091583,0.032655198,0.1213077,0.017905833,-0.009446317,-0.018473227,0.1073734,0.03991071,-0.11700101,0.08165898,0.026876265,0.16004415
0.16476914,-0.035190135,-4.0621223E-10,0.13736056,0.043741822,-0.25926504,0.015854917,-0.20767766,0.041704953,-0.12065058,-0.03949833,-0.04991025,-0.0059503024,0.03293499,-0.016831063,-0.046178233,0.023132225,0.011959299,-0.16342415,-0.024826689,0.12040804,-0.038712174,0.06893159,-0.0947831,0.06262943,0.13779297,0.0108940685,0.15705067
-0.06523011,-0.15169378,0.13736056,7.4779155E-10,-0.061410673,-0.059210766,0.09233071,0.20984814,-0.04020271,-0.1507852,-0.019304762,-0.075116985,0.17994106,0.03200518,-0.00763379,0.016748738,0.061169796,0.051616553,0.097805046,0.006047709,-0.108555116,-0.008163004,0.064389825,0.05492311,-0.15171558,0.1187018,0.0146607505,0.06719762
0.15169378,-0.06523011,-7.4779155E-10,0.13736056,0.07431137,-0.20027307,0.026508395,-0.0013087874,0.055691916,-0.022351628,0.06778288,-0.043883067,-0.01148486,0.039525636,0.03690827,0.013537447,0.037950777,-0.101958446,0.021954907,0.018907242,0.2223058,-0.06504482,0.11946557,0.02926131,0.11099027,0.088764004,-0.011768363,0.24391766
-0.03978121,-0.13568464,0.13736056,4.5750337E-10,-0.032007642,-0.060259692,-0.010527186,0.096553445,-0.030811252,-0.13634561,0.004218109,-0.076815635,0.11908639,0.030161299,-0.014186349,-0.039488863,0.014196919,0.06210566,0.0042466437,-0.076400846,0.032580983,0.06316034,-0.08861861,0.07572516,0.0018987665,-0.24541077,0.03501678,-0.073885106
0.13568464,-0.03978121,-4.5750337E-10,0.13736056,0.0123538785,-0.17039251,0.017729998,-0.09493159,0.041983973,0.009026768,0.096015885,0.1250275,-0.026418716,-0.15518564,-0.034177113,0.062500395,0.011398839,0.09542578,0.27011147,-0.00804229,0.08166325,0.08800533,0.07606099,0.12826729,0.07676627,-0.1932894,0.057578813,0.07424141
3.639466E-11,-0.14104837,0.13736056,4.755152E-12,-9.84678E-10,-8.363997E-9,-0.07161533,2.9888344E-8,3.4229536E-10,5.2515614E-9,-4.933431E-8,-6.547986E-8,0.08775913,-4.714212E-8,-5.0979496E-9,-1.2297856E-8,0.028171252,-5.2040097E-8,2.5045568E-7,1.1086172E-7,0.09361566,-1.1107328E-7,-0.01420114,-1.3820863E-7,-0.016983159,-1.4549745E-9,6.478746E-9,-0.020331243
0.14104837,3.639466E-11,-4.755163E-12,0.13736056,-0.0069380435,-0.1776037,-3.1507856E-8,-0.15714933,0.03992218,-0.027611934,0.055815555,0.14050564,3.4596667E-8,-0.16682385,-0.07047715,0.027043156,-9.138555E-8,0.17842735,0.238895,-0.0063010864,-4.3644283E-7,0.051626176,-3.5788582E-7,0.074329615,7.642744E-8,-0.12283342,0.0057905535,2.0255222E-7
0.03978121,-0.13568464,0.13736056,-4.4835471E-10,0.032007646,0.060259707,-0.01052727,-0.096553415,0.030811246,0.13634542,-0.0042182137,0.07681557,0.11908655,-0.030161424,0.014186329,0.039488953,0.014196906,-0.06210582,-0.004246486,0.07640087,0.032580737,-0.063162,-0.08861764,-0.07572502,0.0018988359,0.24541025,-0.03501696,-0.07388685
0.13568464,0.03978121,4.4835471E-10,0.13736056,0.012353878,-0.17039253,-0.017730046,-0.094931655,0.04198399,0.009026805,0.09601606,0.12502751,0.026418952,-0.1551857,-0.034177385,0.062500395,-0.011399078,0.09542583,0.27011096,-0.008042665,-0.081664465,0.0880041,-0.07606232,0.12826748,-0.076766364,-0.19328935,0.05757805,-0.074240275
0.03967137,-0.118400685,0.13736056,-4.476868E-10,0.036136087,0.061663114,-0.03207639,-0.08244295,0.033747632,0.14342612,0.0014470967,0.07775697,0.099547,-0.02728904,0.020069793,0.045249954,0.006672411,-0.07561174,0.006697643,0.08776017,0.022128684,-0.076197445,-0.097063825,-0.06279685,0.0013894532,0.24658291,-0.035412606,-0.10903863
0.118400685,0.03967137,4.476868E-10,0.13736056,-0.08343016,-0.013654067,-0.023547336,0.15752862,0.020830687,0.065613806,-0.1231552,-0.09911799,0.009415419,0.11521808,-0.027800336,-0.042880036,-0.015806906,-0.11784827,-0.23282462,1.3498351E-4,-0.08338468,0.044584807,-0.07480761,-0.03930728,-0.053902693,-0.16581482,-0.1622093,-0.06439414
3.8370165E-11,-0.11868755,0.13736056,4.0013023E-12,-9.432785E-10,-1.4384034E-8,-0.105105735,4.747037E-8,4.196079E-9,1.6746332E-8,-3.241641E-8,-5.7597525E-8,0.06330644,-1.9946672E-8,-1.1328068E-8,-3.5483367E-8,0.015751379,-4.4982652E-8,2.5097953E-7,1.6972525E-7,0.10180964,-2.1531075E-7,-0.026218077,-1.3131E-7,-6.061308E-4,-9.700617E-8,3.4071086E-8,-0.050780334
0.11868755,3.8370165E-11,-4.0013127E-12,0.13736056,-0.117344156,0.011467794,4.571738E-8,0.10180179,0.028767912,0.067797095,-0.12498145,-0.07852596,-8.205594E-8,0.104501195,-0.063542895,-0.089763455,9.061931E-8,-0.03868114,-0.20133993,-0.03938242,6.684499E-7,0.06875901,-6.5704376E-7,-0.04992932,3.653577E-7,-0.18512557,-0.15426724,6.4622236E-7
-0.03967137,-0.118400685,0.13736056,4.556701E-10,-0.036136072,-0.061663184,-0.032076318,0.08244287,-0.033747632,-0.1434261,-0.0014471809,-0.07775703,0.09954684,0.027288996,-0.020069702,-0.04524993,0.0066723344,0.075611815,-0.006697684,-0.08776001,0.022129083,0.076195896,-0.09706508,0.06279698,0.0013892475,-0.24658395,0.03541218,-0.10903681
0.118400685,-0.03967137,-4.556701E-10,0.13736056,-0.083430134,-0.013654009,0.023547506,0.15752855,0.020830706,0.06561382,-0.123155214,-0.099118054,-0.009415624,0.11521839,-0.02780021,-0.04288013,0.015807094,-0.11784834,-0.23282415,1.3538671E-4,0.08338591,0.044586297,0.074806854,-0.039307278,0.05390353,-0.16581455,-0.1622095,0.06439539
3.5919084E-11,-0.12938802,0.13736056,4.3620467E-12,-8.308693E-10,-8.5000345E-9,-0.08195119,3.4340562E-8,8.641159E-9,1.520382E-8,-3.3030222E-8,-4.9193023E-8,0.077557035,-2.0713772E-8,1.8035013E-8,-2.5236322E-9,0.018010382,-1.2185835E-8,2.5218364E-7,1.2926922E-7,0.10742885,-2.6505313E-7,-0.033247434,-1.4884695E-7,-0.014035959,-7.598157E-8,7.2383144E-10,-0.03106329
0.12938802,3.5919084E-11,-4.3620576E-12,0.13736056,-0.051726818,-0.074119955,1.4380404E-8,-0.012023151,0.03265762,0.024321333,-0.032883856,0.02840646,3.0485605E-8,-0.016123477,-0.0595032,-0.016290244,4.586101E-8,0.041272316,0.0049941484,-0.012920286,5.2537526E-8,0.050143685,-4.4302433E-7,0.010993318,3.8967195E-7,-0.17397724,-0.09615299,4.3447199E-7
2.7548004E-11,-0.015594714,0.13736056,5.257366E-13,-3.6588699E-9,-3.9867814E-8,-0.359917,1.5235759E-7,1.8796717E-8,7.755525E-8,-8.636891E-8,1.5493913E-7,-0.22391298,7.966749E-8,6.356271E-9,-8.842083E-8,-0.05403169,-5.0135387E-8,1.77643E-7,8.490812E-8,0.023649396,-2.4730042E-7,-0.0047612227,1.8068019E-7,0.12703392,2.1598919E-7,4.5231073E-7,0.016866606
0.015594714,2.7548004E-11,-5.2574427E-13,0.13736056,-0.27485237,0.18929267,-1.2022701E-7,-0.25431207,-0.109237865,-0.14202027,-0.075295694,-0.0060464554,7.320357E-8,0.20684606,0.059975713,0.02205521,-2.952978E-7,0.15486787,0.12309336,0.28128803,-6.774475E-7,0.025436873,2.5720516E-7,0.204225,6.918766E-8,0.23902066,-0.40368143,-5.319869E-7
