1.4341553377763887
17.978467429876485
1.0
33.889361735811484
2.4953725638501325
48.638557069391055
5.751629204010463
64.17732349569023
12.243325921102738
78.60382902836383
22.266509840034335
88.79729494758689
35.07100820758089
96.2867716478147
49.999999999999964
99.0
64.92899179241905
96.2867716478147
77.73349015996564
88.7972949475869
87.75667407889725
78.60382902836383
94.2483707959895
64.17732349569025
97.50462743614986
48.63855706939105
99.0
33.889361735811484
98.5658446622236
17.978467429876478
88.68696332325746
8.350506191188686
80.01052205570372
1.000000000000007
69.5451039483882
1.052837382450761
59.86027206429462
6.887785800106883
70.05788412598618
6.746200442051801
79.4949674996034
6.527067378344377
11.31303667674252
8.350506191188686
19.989477944296276
1.0
30.45489605161175
1.052837382450754
40.139727935705324
6.887785800106883
29.942115874013783
6.746200442051794
20.50503250039661
6.527067378344377
19.20422413460027
18.12284196021535
27.26676872505181
13.73097641753056
35.854403707147966
18.260644503360577
27.32076441231942
20.90249619357142
27.413653745384252
17.05162547997823
80.79577586539972
18.12284196021535
72.73323127494814
13.730976417530567
64.14559629285199
18.26064450336058
72.67923558768052
20.902496193571412
72.5863462546157
17.051625479978224
44.52548815583236
17.35439013138195
42.81672400773946
31.084090698261633
35.072316876685775
40.30178212633295
38.48502054610492
46.50934652877458
49.99999999999997
48.682983354173544
61.51497945389502
46.50934652877458
64.92768312331417
40.30178212633295
57.183275992260484
31.084090698261633
55.474511844167566
17.354390131381955
42.274751784641815
44.08137205574892
57.72524821535812
44.08137205574892
30.99646694951722
63.77936090777594
38.295438015110385
58.52444701502087
45.629123709825826
56.685275527263386
49.99999999999997
57.44785266197409
54.3708762901741
56.685275527263386
61.704561984889565
58.52444701502087
69.00353305048273
63.77936090777594
64.37149002927677
69.40280290468809
57.758488410622235
72.3109333863655
49.99999999999997
73.0741729494936
42.24151158937771
72.3109333863655
35.62850997072318
69.40280290468809
41.23897508596707
65.86728298242916
49.99999999999997
67.0481313657454
58.76102491403287
65.86728298242916
58.73030608791085
62.04834829148521
49.99999999999997
62.10535200003484
41.269693912089096
62.048348291485205
49.99999999999997
64.46708363132085
49.99999999999997
39.368193865973325
