4.0397e+10
6.7209e+09
1.9529e+09
1.1925e+09
9.3902e+08
7.0659e+08
5.1862e+08
4.7317e+08
3.9973e+08
3.6882e+08
3.2112e+08
2.9592e+08
2.7216e+08
2.3986e+08
2.246e+08
2.1088e+08
1.7284e+08
1.5358e+08
1.3319e+08
1.2739e+08
1.2068e+08
1.1164e+08
1.0934e+08
1.051e+08
1.0284e+08
1.0276e+08
9.2491e+07
8.902e+07
8.3944e+07
7.9133e+07
7.8194e+07
7.6277e+07
7.311e+07
6.996e+07
6.8311e+07
6.789e+07
6.3144e+07
6.1245e+07
5.5793e+07
5.4888e+07
5.4073e+07
5.2677e+07
5.1253e+07
4.9941e+07
4.9033e+07
4.7636e+07
4.6342e+07
4.6207e+07
4.3883e+07
4.1832e+07
4.1056e+07
3.9183e+07
3.8648e+07
3.7614e+07
3.6943e+07
3.5843e+07
3.5324e+07
3.4526e+07
3.355e+07
3.2911e+07
3.2447e+07
3.2315e+07
3.1475e+07
3.1118e+07
3.0632e+07
2.9737e+07
2.886e+07
2.8631e+07
2.8166e+07
2.8047e+07
2.7041e+07
2.6375e+07
2.6278e+07
2.5833e+07
2.5343e+07
2.5246e+07
2.4609e+07
2.4433e+07
2.4078e+07
2.3632e+07
2.3095e+07
2.2817e+07
2.2552e+07
2.2119e+07
2.1718e+07
2.1692e+07
2.1559e+07
2.0869e+07
2.0526e+07
2.0245e+07
1.9849e+07
1.9539e+07
1.9282e+07
1.9072e+07
1.856e+07
1.8358e+07
1.805e+07
1.7874e+07
1.7704e+07
1.7436e+07
1.7252e+07
1.6748e+07
1.6644e+07
1.6436e+07
1.629e+07
1.6012e+07
1.5851e+07
1.5603e+07
1.5308e+07
1.5234e+07
1.5155e+07
1.498e+07
1.4886e+07
1.4767e+07
1.4478e+07
1.4301e+07
1.408e+07
1.3985e+07
1.3861e+07
1.3653e+07
1.3605e+07
1.3293e+07
1.3158e+07
1.3052e+07
1.2763e+07
1.2675e+07
1.2618e+07
1.2537e+07
1.2361e+07
1.2241e+07
1.2226e+07
1.1917e+07
1.1883e+07
1.1755e+07
1.1554e+07
1.1463e+07
1.1345e+07
1.1312e+07
1.1176e+07
1.1095e+07
1.0984e+07
1.0886e+07
1.0806e+07
1.0747e+07
1.0665e+07
1.0598e+07
1.0434e+07
1.0313e+07
1.0164e+07
1.0081e+07
9.9768e+06
9.8851e+06
9.8585e+06
9.7819e+06
9.6424e+06
9.4604e+06
9.4079e+06
9.3866e+06
9.3147e+06
9.228e+06
9.1665e+06
9.0398e+06
8.9431e+06
8.9063e+06
8.8527e+06
8.813e+06
8.7871e+06
8.7136e+06
8.6893e+06
8.6386e+06
8.6102e+06
8.5328e+06
8.4497e+06
8.4432e+06
8.3177e+06
8.2304e+06
8.1257e+06
8.0096e+06
7.986e+06
7.9542e+06
7.9281e+06
7.8365e+06
7.7677e+06
7.6867e+06
7.6455e+06
7.6154e+06
7.578e+06
7.5228e+06
7.3975e+06
7.3739e+06
7.3616e+06
7.2988e+06
7.2554e+06
7.2096e+06
7.1379e+06
7.0973e+06
7.0611e+06
6.9707e+06
6.9317e+06
6.8789e+06
6.8056e+06
6.75e+06
6.7092e+06
6.6762e+06
6.6554e+06
6.5984e+06
6.5439e+06
6.4821e+06
6.4541e+06
6.3707e+06
6.3551e+06
6.3234e+06
6.2688e+06
6.2392e+06
6.221e+06
6.1958e+06
6.1525e+06
6.1033e+06
6.0961e+06
6.0236e+06
5.9675e+06
5.932e+06
5.8908e+06
5.8767e+06
5.8526e+06
5.8011e+06
5.7789e+06
5.7262e+06
5.7004e+06
5.6493e+06
5.6347e+06
5.5983e+06
5.5594e+06
5.521e+06
5.509e+06
5.4654e+06
5.445e+06
5.4103e+06
5.3919e+06
5.3535e+06
5.3373e+06
5.2892e+06
5.2419e+06
5.2007e+06
5.1835e+06
5.1155e+06
5.0934e+06
5.0452e+06
5.0253e+06
5.0021e+06
4.9639e+06
4.9505e+06
4.9163e+06
4.8954e+06
4.8622e+06
4.8434e+06
4.8138e+06
4.7914e+06
4.7625e+06
4.7349e+06
4.6874e+06
4.6669e+06
4.6104e+06
4.597e+06
4.5721e+06
4.5648e+06
4.5486e+06
4.5265e+06
4.5172e+06
4.4918e+06
4.4582e+06
4.4369e+06
4.42e+06
4.3968e+06
4.367e+06
4.3274e+06
4.321e+06
4.2945e+06
4.2648e+06
4.2456e+06
4.2266e+06
4.2029e+06
4.1794e+06
4.1721e+06
4.1613e+06
4.1214e+06
4.1158e+06
4.0738e+06
4.0638e+06
4.0473e+06
4.0102e+06
3.9916e+06
3.9794e+06
3.9516e+06
3.9277e+06
3.9113e+06
3.8706e+06
3.8444e+06
3.8322e+06
3.8119e+06
3.8006e+06
3.7778e+06
3.7618e+06
3.7591e+06
3.7265e+06
3.7154e+06
3.7087e+06
3.7024e+06
3.6904e+06
3.6628e+06
3.6308e+06
3.6192e+06
3.6051e+06
3.5955e+06
3.5875e+06
3.5686e+06
3.5603e+06
3.5472e+06
3.5356e+06
3.5155e+06
3.4946e+06
3.4482e+06
3.4422e+06
3.4324e+06
3.4231e+06
3.4049e+06
3.3851e+06
3.3699e+06
3.3432e+06
3.3288e+06
3.32e+06
3.3058e+06
3.2898e+06
3.2755e+06
3.2596e+06
3.2466e+06
3.2444e+06
3.2213e+06
3.1946e+06
3.1893e+06
3.167e+06
3.153e+06
3.1481e+06
3.1291e+06
3.1224e+06
3.1052e+06
3.0727e+06
3.0638e+06
3.0601e+06
3.0409e+06
3.0303e+06
3.0191e+06
3.0013e+06
2.9899e+06
2.9733e+06
2.9595e+06
2.9577e+06
2.9385e+06
2.9108e+06
2.8982e+06
2.8915e+06
2.8827e+06
2.8625e+06
2.8527e+06
2.8468e+06
2.8353e+06
2.8328e+06
2.8142e+06
2.8083e+06
2.8023e+06
2.7806e+06
2.7679e+06
2.7636e+06
2.7554e+06
2.7322e+06
2.7214e+06
2.7123e+06
2.7053e+06
2.6987e+06
2.6892e+06
2.6833e+06
2.6768e+06
2.6533e+06
2.6397e+06
2.6373e+06
2.6271e+06
2.6144e+06
2.587e+06
2.5865e+06
2.5838e+06
2.5676e+06
2.558e+06
2.546e+06
2.5354e+06
2.5299e+06
2.5263e+06
2.5134e+06
2.4923e+06
2.4902e+06
2.4827e+06
2.4724e+06
2.4542e+06
2.4486e+06
2.4479e+06
2.442e+06
2.4293e+06
2.4224e+06
2.4168e+06
2.4055e+06
2.3974e+06
2.3796e+06
2.3716e+06
2.3552e+06
2.3533e+06
2.338e+06
2.3361e+06
2.3251e+06
2.3168e+06
2.2979e+06
2.2903e+06
2.2812e+06
2.2707e+06
2.2665e+06
2.2539e+06
2.2508e+06
2.234e+06
2.2274e+06
2.224e+06
2.2118e+06
2.2094e+06
2.1974e+06
2.1912e+06
2.1846e+06
2.1805e+06
2.1767e+06
2.1571e+06
2.1532e+06
2.1496e+06
2.1419e+06
2.1287e+06
2.1259e+06
2.1176e+06
2.1112e+06
2.1014e+06
2.0982e+06
2.0872e+06
2.0825e+06
2.0687e+06
2.0661e+06
2.0544e+06
2.051e+06
2.0432e+06
2.0386e+06
2.0352e+06
2.0293e+06
2.0216e+06
2.016e+06
2.0038e+06
1.9997e+06
1.9907e+06
1.9758e+06
1.9739e+06
1.9658e+06
1.9549e+06
1.9468e+06
1.9448e+06
1.9427e+06
1.9363e+06
1.9246e+06
1.9213e+06
1.9157e+06
1.9145e+06
1.9098e+06
1.9042e+06
1.8979e+06
1.8879e+06
1.8776e+06
1.8652e+06
1.8625e+06
1.8511e+06
1.8472e+06
1.843e+06
1.8365e+06
1.829e+06
1.8216e+06
1.8158e+06
1.8094e+06
1.8036e+06
1.8009e+06
1.7968e+06
1.794e+06
1.7875e+06
1.776e+06
1.7718e+06
1.7686e+06
1.7587e+06
1.7511e+06
1.7461e+06
1.7422e+06
1.739e+06
1.7371e+06
1.7324e+06
1.7265e+06
1.7209e+06
1.7166e+06
1.7133e+06
1.7066e+06
1.7023e+06
1.6934e+06
1.6876e+06
1.6832e+06
1.6729e+06
1.6673e+06
1.6649e+06
1.6604e+06
1.6459e+06
1.6397e+06
1.6346e+06
1.6329e+06
1.6271e+06
1.6207e+06
1.6164e+06
1.6159e+06
1.6101e+06
1.6024e+06
1.6003e+06
1.5964e+06
1.5892e+06
1.5836e+06
1.5788e+06
1.5733e+06
1.5692e+06
1.5637e+06
1.5623e+06
1.5593e+06
1.5477e+06
1.5428e+06
1.537e+06
1.5329e+06
1.531e+06
1.5297e+06
1.5217e+06
1.5181e+06
1.514e+06
1.5106e+06
1.5022e+06
1.4963e+06
1.4943e+06
1.4891e+06
1.4834e+06
1.4813e+06
1.4783e+06
1.4729e+06
1.4643e+06
1.4608e+06
1.4583e+06
1.4496e+06
1.4413e+06
1.4356e+06
1.4321e+06
1.4281e+06
1.4255e+06
1.418e+06
1.4127e+06
1.4069e+06
1.403e+06
1.3995e+06
1.3961e+06
1.3932e+06
1.388e+06
1.386e+06
1.383e+06
1.3783e+06
1.3779e+06
1.3744e+06
1.3665e+06
1.3603e+06
1.3566e+06
1.3511e+06
1.3504e+06
1.347e+06
1.3425e+06
1.3395e+06
1.3353e+06
1.3301e+06
1.3292e+06
1.3262e+06
1.3246e+06
1.3218e+06
1.3134e+06
1.3116e+06
1.302e+06
1.2991e+06
1.2946e+06
1.2918e+06
1.2894e+06
1.286e+06
1.2857e+06
1.2825e+06
1.2789e+06
1.274e+06
1.272e+06
1.2673e+06
1.2623e+06
1.2592e+06
1.2521e+06
1.2508e+06
1.2464e+06
1.2431e+06
1.2404e+06
1.2378e+06
1.233e+06
1.2293e+06
1.2266e+06
1.2218e+06
1.2178e+06
1.2132e+06
1.2107e+06
1.206e+06
1.2042e+06
1.2022e+06
1.1999e+06
1.196e+06
1.19e+06
1.1862e+06
1.1851e+06
1.1796e+06
1.1794e+06
1.175e+06
1.1748e+06
1.1729e+06
1.1681e+06
1.1662e+06
1.1621e+06
1.1583e+06
1.1553e+06
1.1533e+06
1.1499e+06
1.1462e+06
1.1422e+06
1.14e+06
1.1364e+06
1.134e+06
1.1325e+06
1.1304e+06
1.1255e+06
1.122e+06
1.1192e+06
1.1178e+06
1.1136e+06
1.1099e+06
1.1069e+06
1.1021e+06
1.0992e+06
1.0956e+06
1.0922e+06
1.0887e+06
1.086e+06
1.0843e+06
1.0814e+06
1.0799e+06
1.0772e+06
1.0748e+06
1.0706e+06
1.0681e+06
1.0649e+06
1.0606e+06
1.0581e+06
1.056e+06
1.0546e+06
1.0485e+06
1.0472e+06
1.0426e+06
1.0394e+06
1.0365e+06
1.0353e+06
1.0329e+06
1.0306e+06
1.0284e+06
1.0263e+06
1.0201e+06
1.0175e+06
1.0169e+06
1.0109e+06
1.008e+06
1.0056e+06
1.0051e+06
1.0026e+06
9.9888e+05
9.9481e+05
9.9232e+05
9.8816e+05
9.8665e+05
9.8517e+05
9.829e+05
9.7901e+05
9.7795e+05
9.7575e+05
9.7366e+05
9.7114e+05
9.7001e+05
9.6781e+05
9.665e+05
9.6373e+05
9.6055e+05
9.5756e+05
9.5353e+05
9.5289e+05
9.5098e+05
9.4946e+05
9.4617e+05
9.4492e+05
9.4284e+05
9.3802e+05
9.3574e+05
9.3254e+05
9.3081e+05
9.3042e+05
9.2813e+05
9.2293e+05
9.1965e+05
9.1815e+05
9.1637e+05
9.1394e+05
9.1095e+05
9.0717e+05
9.0583e+05
9.0517e+05
9.0392e+05
8.987e+05
8.9745e+05
8.9518e+05
8.9414e+05
8.9139e+05
8.8816e+05
8.8647e+05
8.8533e+05
8.8341e+05
8.8141e+05
8.7784e+05
8.7628e+05
8.7573e+05
8.7254e+05
8.7082e+05
8.69e+05
8.6539e+05
8.6317e+05
8.5923e+05
8.5862e+05
8.5728e+05
8.5572e+05
8.5448e+05
8.5344e+05
8.5229e+05
8.4556e+05
8.4468e+05
8.4187e+05
8.3962e+05
8.3877e+05
8.3653e+05
8.3527e+05
8.3207e+05
8.3047e+05
8.2853e+05
8.2456e+05
8.2389e+05
8.2214e+05
8.2084e+05
8.1804e+05
8.1704e+05
8.1635e+05
8.1488e+05
8.1e+05
8.0828e+05
8.0614e+05
8.047e+05
8.0363e+05
8.0118e+05
7.9898e+05
7.9803e+05
7.9613e+05
7.9417e+05
7.9217e+05
7.9058e+05
7.8819e+05
7.8702e+05
7.8613e+05
7.8497e+05
7.8286e+05
7.8054e+05
7.7913e+05
7.7744e+05
7.7363e+05
7.7304e+05
7.7139e+05
7.6996e+05
7.676e+05
7.6542e+05
7.6479e+05
7.6257e+05
7.6151e+05
7.6101e+05
7.5971e+05
7.5514e+05
7.5417e+05
7.5196e+05
7.4966e+05
7.4794e+05
7.4574e+05
7.4427e+05
7.4194e+05
7.4025e+05
7.3896e+05
7.3684e+05
7.3645e+05
7.3437e+05
7.3241e+05
7.2994e+05
7.2955e+05
7.2735e+05
7.2529e+05
7.227e+05
7.2219e+05
7.204e+05
7.1759e+05
7.1737e+05
7.1371e+05
7.1276e+05
7.1124e+05
7.1079e+05
7.0953e+05
7.0587e+05
7.0403e+05
7.0286e+05
7.0018e+05
6.9823e+05
6.977e+05
6.9734e+05
6.9467e+05
6.9273e+05
6.9224e+05
6.9107e+05
6.8873e+05
6.8603e+05
6.8445e+05
6.8274e+05
6.8185e+05
6.8118e+05
6.8021e+05
6.7699e+05
6.7604e+05
6.7401e+05
6.7341e+05
6.7202e+05
6.7146e+05
6.6965e+05
6.6784e+05
6.6707e+05
6.6456e+05
6.6341e+05
6.6034e+05
6.5901e+05
6.577e+05
6.5609e+05
6.5455e+05
6.5385e+05
6.517e+05
6.5025e+05
6.4912e+05
6.4749e+05
6.4629e+05
6.4506e+05
6.4367e+05
6.4279e+05
6.414e+05
6.3842e+05
6.3767e+05
6.3637e+05
6.3617e+05
6.3547e+05
6.3403e+05
6.3126e+05
6.297e+05
6.2839e+05
6.272e+05
6.2674e+05
6.2361e+05
6.2273e+05
6.2127e+05
6.1877e+05
6.1813e+05
6.1748e+05
6.152e+05
6.1437e+05
6.1406e+05
6.1363e+05
6.1117e+05
6.096e+05
6.0881e+05
6.0774e+05
6.0688e+05
6.0514e+05
6.0387e+05
6.0276e+05
6.0089e+05
5.9916e+05
5.9868e+05
5.9747e+05
5.9653e+05
5.9393e+05
5.9266e+05
5.92e+05
5.8888e+05
5.8779e+05
5.8696e+05
5.8508e+05
5.8345e+05
5.8296e+05
5.8197e+05
5.8062e+05
5.7928e+05
5.7881e+05
5.7736e+05
5.7653e+05
5.7562e+05
5.7399e+05
5.7211e+05
5.7128e+05
5.707e+05
5.6936e+05
5.6871e+05
5.6651e+05
5.6589e+05
5.6383e+05
5.6332e+05
5.625e+05
5.6116e+05
5.5945e+05
5.5914e+05
5.5811e+05
5.5674e+05
5.5572e+05
5.548e+05
5.5391e+05
5.526e+05
5.521e+05
5.4984e+05
5.4829e+05
5.4762e+05
5.4626e+05
5.4588e+05
5.4507e+05
5.4402e+05
5.4292e+05
5.4195e+05
5.3909e+05
5.3848e+05
5.372e+05
5.3558e+05
5.3414e+05
5.3406e+05
5.3314e+05
5.3033e+05
5.3004e+05
5.2885e+05
5.2789e+05
5.2694e+05
5.2592e+05
5.2468e+05
5.2439e+05
5.2328e+05
5.2184e+05
5.2063e+05
5.1948e+05
5.183e+05
5.1805e+05
5.1726e+05
5.1577e+05
5.1502e+05
5.1476e+05
5.1385e+05
5.1313e+05
5.1012e+05
5.0994e+05
5.0864e+05
5.0788e+05
5.0759e+05
5.0561e+05
5.0474e+05
5.0392e+05
5.0241e+05
5.0194e+05
5.0085e+05
4.988e+05
4.9769e+05
4.9752e+05
4.9699e+05
4.9571e+05
4.9498e+05
4.9313e+05
4.929e+05
4.9216e+05
4.9071e+05
4.8984e+05
4.8878e+05
4.8787e+05
4.874e+05
4.8566e+05
4.8541e+05
4.8484e+05
4.8356e+05
4.8291e+05
4.8231e+05
4.8173e+05
4.7934e+05
4.7836e+05
4.7751e+05
4.7704e+05
4.7543e+05
4.751e+05
4.7412e+05
4.7206e+05
4.7167e+05
4.7013e+05
4.6941e+05
4.6844e+05
4.6733e+05
4.6646e+05
4.6591e+05
4.6473e+05
4.6427e+05
4.6316e+05
4.6216e+05
4.6157e+05
4.6035e+05
4.5992e+05
4.5877e+05
4.582e+05
4.5728e+05
4.5652e+05
4.5576e+05
4.5537e+05
4.5483e+05
4.5386e+05
4.5242e+05
4.52e+05
4.5115e+05
4.4976e+05
4.4861e+05
4.4822e+05
4.4719e+05
4.4593e+05
4.4539e+05
4.4493e+05
4.4389e+05
4.4252e+05
4.416e+05
4.4111e+05
4.4105e+05
4.3999e+05
4.3911e+05
4.3841e+05
4.3731e+05
4.3646e+05
4.3515e+05
4.343e+05
4.3364e+05
4.3306e+05
4.3177e+05
4.3149e+05
4.3129e+05
4.2986e+05
4.2928e+05
4.2869e+05
4.2808e+05
4.2715e+05
4.2681e+05
4.2538e+05
4.2489e+05
4.229e+05
4.2232e+05
4.2152e+05
4.2144e+05
4.2023e+05
4.1989e+05
4.1868e+05
4.1813e+05
4.1698e+05
4.1638e+05
4.1633e+05
4.1543e+05
4.1435e+05
4.1368e+05
4.1345e+05
4.1205e+05
4.1159e+05
4.1087e+05
4.0915e+05
4.0875e+05
4.0851e+05
4.0746e+05
4.063e+05
4.0567e+05
4.0501e+05
4.0399e+05
4.0384e+05
4.0321e+05
4.0239e+05
4.0173e+05
4.0094e+05
4.0004e+05
3.9883e+05
3.9759e+05
3.969e+05
3.9652e+05
3.9589e+05
3.9553e+05
3.943e+05
3.9401e+05
3.9319e+05
3.9219e+05
3.9099e+05
3.9053e+05
3.9038e+05
3.8918e+05
3.8896e+05
3.8844e+05
3.88e+05
3.8744e+05
3.8562e+05
3.8533e+05
3.8481e+05
3.84e+05
3.8383e+05
3.8289e+05
3.8182e+05
3.8107e+05
3.8059e+05
3.8005e+05
3.7963e+05
3.7865e+05
3.7773e+05
3.7699e+05
3.7683e+05
3.7643e+05
3.7594e+05
3.7508e+05
3.7386e+05
3.7352e+05
3.7259e+05
3.7236e+05
3.7162e+05
3.7052e+05
3.7019e+05
3.6993e+05
3.6894e+05
3.682e+05
3.6781e+05
3.6695e+05
3.6669e+05
3.6554e+05
3.6495e+05
3.6452e+05
3.6375e+05
3.6311e+05
3.6252e+05
3.622e+05
3.6159e+05
3.6121e+05
3.6033e+05
3.5966e+05
3.5938e+05
3.5827e+05
3.582e+05
3.5767e+05
3.5693e+05
3.5535e+05
3.5529e+05
3.5417e+05
3.5385e+05
3.5354e+05
3.5247e+05
3.5228e+05
3.5158e+05
3.5002e+05
3.4972e+05
3.4943e+05
3.4909e+05
3.4851e+05
3.4794e+05
3.4716e+05
3.4587e+05
3.4516e+05
3.4493e+05
3.4393e+05
3.4348e+05
3.431e+05
3.4284e+05
3.423e+05
3.4176e+05
3.4149e+05
3.4116e+05
3.4015e+05
3.3977e+05
3.3945e+05
3.3861e+05
3.3818e+05
3.3758e+05
3.3732e+05
3.3635e+05
3.361e+05
3.356e+05
3.3504e+05
3.3495e+05
3.3426e+05
3.3317e+05
3.3261e+05
3.3211e+05
3.312e+05
3.3078e+05
3.3067e+05
3.3003e+05
3.2976e+05
3.2847e+05
3.2824e+05
3.2768e+05
3.2747e+05
3.2684e+05
3.2625e+05
3.2596e+05
3.2512e+05
3.2429e+05
3.2385e+05
3.2329e+05
3.2271e+05
3.2187e+05
3.2144e+05
3.2097e+05
3.2012e+05
3.1998e+05
3.1928e+05
3.1906e+05
3.1807e+05
3.1782e+05
3.1749e+05
3.1695e+05
3.1624e+05
3.1565e+05
3.1519e+05
3.1437e+05
3.1404e+05
3.136e+05
3.1306e+05
3.1247e+05
3.1208e+05
3.1197e+05
3.1138e+05
3.1117e+05
3.1083e+05
3.1009e+05
3.0924e+05
3.0888e+05
3.0848e+05
3.0821e+05
3.0749e+05
3.0684e+05
3.0576e+05
3.0569e+05
3.0548e+05
3.0467e+05
3.0365e+05
3.0346e+05
3.0327e+05
3.0217e+05
3.02e+05
3.013e+05
3.005e+05
3.0025e+05
3.0005e+05
2.9972e+05
2.9907e+05
2.9883e+05
2.9851e+05
2.9792e+05
2.9743e+05
2.9687e+05
2.9655e+05
2.9592e+05
2.9522e+05
2.9502e+05
2.943e+05
2.9413e+05
2.9375e+05
2.9351e+05
2.9309e+05
2.928e+05
2.9192e+05
2.916e+05
2.9027e+05
2.8966e+05
2.8952e+05
2.8912e+05
2.8864e+05
2.8837e+05
2.8801e+05
2.8733e+05
2.8701e+05
2.8655e+05
2.8592e+05
2.8577e+05
2.8493e+05
2.8464e+05
2.8421e+05
2.8367e+05
2.8311e+05
2.8275e+05
2.823e+05
2.8162e+05
2.8147e+05
2.8093e+05
2.805e+05
2.798e+05
2.7945e+05
2.79e+05
2.7879e+05
2.7839e+05
2.7813e+05
2.7763e+05
2.7662e+05
2.7626e+05
2.7594e+05
2.7564e+05
2.7485e+05
2.7451e+05
2.74e+05
2.7363e+05
2.734e+05
2.7309e+05
2.7222e+05
2.7201e+05
2.7147e+05
2.7136e+05
2.7091e+05
2.7064e+05
2.6988e+05
2.6957e+05
2.6896e+05
2.6854e+05
2.6832e+05
2.6813e+05
2.6762e+05
2.6654e+05
2.6632e+05
2.6613e+05
2.6594e+05
2.6538e+05
2.6484e+05
2.6459e+05
2.6438e+05
2.6382e+05
2.6347e+05
2.6316e+05
2.6262e+05
2.6243e+05
2.6193e+05
2.6116e+05
2.6097e+05
2.6068e+05
2.6041e+05
2.5999e+05
2.597e+05
2.591e+05
2.5889e+05
2.5845e+05
2.5761e+05
2.5727e+05
2.571e+05
2.5668e+05
2.5631e+05
2.5616e+05
2.5558e+05
2.5487e+05
2.5433e+05
2.5417e+05
2.5359e+05
2.5325e+05
2.5284e+05
2.5267e+05
2.52e+05
2.5181e+05
2.5136e+05
2.509e+05
2.5059e+05
2.5046e+05
2.4994e+05
2.4981e+05
2.4931e+05
2.4866e+05
2.484e+05
2.481e+05
2.4775e+05
2.475e+05
2.4724e+05
2.4627e+05
2.4614e+05
2.4574e+05
2.4529e+05
2.4469e+05
2.4457e+05
2.4443e+05
2.4381e+05
2.4326e+05
2.4311e+05
2.4292e+05
2.4224e+05
2.4221e+05
2.4144e+05
2.4102e+05
2.4055e+05
2.4016e+05
2.3995e+05
2.3987e+05
2.3935e+05
2.3916e+05
2.388e+05
2.3833e+05
2.381e+05
2.3773e+05
2.3744e+05
2.3702e+05
2.3698e+05
2.3659e+05
2.3602e+05
2.3559e+05
2.3532e+05
2.3517e+05
2.3466e+05
2.3401e+05
2.3372e+05
2.3365e+05
2.3298e+05
2.3293e+05
2.3258e+05
2.3248e+05
2.3227e+05
2.3165e+05
2.3131e+05
2.3076e+05
2.3021e+05
2.3009e+05
2.3001e+05
2.2932e+05
2.2913e+05
2.2897e+05
2.2832e+05
2.2819e+05
2.276e+05
2.2716e+05
2.2702e+05
2.2658e+05
2.2626e+05
2.2609e+05
2.2605e+05
2.2581e+05
2.2539e+05
2.2502e+05
2.2424e+05
2.2392e+05
2.2381e+05
2.2312e+05
2.2283e+05
2.2251e+05
2.2217e+05
2.2184e+05
2.2167e+05
2.2151e+05
2.2113e+05
2.2088e+05
2.2075e+05
2.2022e+05
2.1991e+05
2.1952e+05
2.194e+05
2.1935e+05
2.1856e+05
2.1837e+05
2.1817e+05
2.1783e+05
2.1726e+05
2.1708e+05
2.1668e+05
2.1632e+05
2.1597e+05
2.1531e+05
2.1508e+05
2.1464e+05
2.1436e+05
2.139e+05
2.1371e+05
2.1349e+05
2.1323e+05
2.1294e+05
2.1245e+05
2.1237e+05
2.1196e+05
2.1168e+05
2.1162e+05
2.1124e+05
2.109e+05
2.1047e+05
2.1044e+05
2.1019e+05
2.0989e+05
2.0939e+05
2.0898e+05
2.0873e+05
2.0847e+05
2.0838e+05
2.0802e+05
2.072e+05
2.0703e+05
2.0689e+05
2.0675e+05
2.0653e+05
2.0627e+05
2.0599e+05
2.0546e+05
2.0518e+05
2.0503e+05
2.0456e+05
2.0431e+05
2.0419e+05
2.0398e+05
2.0359e+05
2.0348e+05
2.0298e+05
2.0291e+05
2.0265e+05
2.0204e+05
2.0175e+05
2.0094e+05
2.0079e+05
2.0066e+05
2.003e+05
2.0012e+05
1.9981e+05
1.9972e+05
1.9929e+05
1.9888e+05
1.9866e+05
1.9843e+05
1.984e+05
1.9824e+05
1.9773e+05
1.9743e+05
1.9726e+05
1.9708e+05
1.9665e+05
1.9649e+05
1.9638e+05
1.9603e+05
1.9535e+05
1.9524e+05
1.9485e+05
1.9479e+05
1.9467e+05
1.9417e+05
1.938e+05
1.9363e+05
1.9346e+05
1.9309e+05
1.926e+05
1.9259e+05
1.9216e+05
1.9203e+05
1.9184e+05
1.9151e+05
1.9137e+05
1.9107e+05
1.9082e+05
1.9075e+05
1.902e+05
1.8993e+05
1.8975e+05
1.895e+05
1.8923e+05
1.8903e+05
1.8858e+05
1.8825e+05
1.8805e+05
1.8774e+05
1.8766e+05
1.8739e+05
1.8731e+05
1.8698e+05
1.8681e+05
1.8654e+05
1.8618e+05
1.8604e+05
1.8591e+05
1.8566e+05
1.8549e+05
1.8525e+05
1.8514e+05
1.8464e+05
1.8461e+05
1.8406e+05
1.8391e+05
1.8355e+05
1.8326e+05
1.8309e+05
1.8281e+05
1.8237e+05
1.822e+05
1.8187e+05
1.8178e+05
1.8148e+05
1.8102e+05
1.808e+05
1.8071e+05
1.8035e+05
1.8029e+05
1.801e+05
1.7981e+05
1.7962e+05
1.7941e+05
1.7908e+05
1.7886e+05
1.7848e+05
1.7827e+05
1.7809e+05
1.7786e+05
1.7765e+05
1.7715e+05
1.7711e+05
1.7683e+05
1.7679e+05
1.7615e+05
1.7594e+05
1.7577e+05
1.7532e+05
1.7529e+05
1.7499e+05
1.7472e+05
1.7461e+05
1.7432e+05
1.7428e+05
1.7412e+05
1.7373e+05
1.7369e+05
1.7349e+05
1.7315e+05
1.7292e+05
1.7271e+05
1.7245e+05
1.7226e+05
1.7224e+05
1.7199e+05
1.7175e+05
1.7151e+05
1.7142e+05
1.7111e+05
1.709e+05
1.7079e+05
1.704e+05
1.6992e+05
1.6988e+05
1.6964e+05
1.6927e+05
1.6918e+05
1.6906e+05
1.6881e+05
1.6868e+05
1.6829e+05
1.6827e+05
1.6772e+05
1.6762e+05
1.6735e+05
1.6722e+05
1.6669e+05
1.6651e+05
1.6633e+05
1.6613e+05
1.6587e+05
1.6561e+05
1.6546e+05
1.6523e+05
1.6513e+05
1.6494e+05
1.6484e+05
1.6449e+05
1.6425e+05
1.6408e+05
1.6399e+05
1.638e+05
1.6372e+05
1.636e+05
1.6329e+05
1.6314e+05
1.6274e+05
1.6252e+05
1.6233e+05
1.6222e+05
1.6187e+05
1.6154e+05
1.6144e+05
1.6139e+05
1.6091e+05
1.6077e+05
1.6053e+05
1.6031e+05
1.6009e+05
1.6004e+05
1.5979e+05
1.5952e+05
1.5932e+05
1.5903e+05
1.5882e+05
1.5875e+05
1.5858e+05
1.5847e+05
1.5815e+05
1.5803e+05
1.5776e+05
1.5751e+05
1.573e+05
1.5717e+05
1.5696e+05
1.5681e+05
1.5655e+05
1.5632e+05
1.5603e+05
1.558e+05
1.556e+05
1.5541e+05
1.5533e+05
1.5515e+05
1.5483e+05
1.5455e+05
1.5431e+05
1.5423e+05
1.5389e+05
1.5382e+05
1.5365e+05
1.5327e+05
1.5316e+05
1.5297e+05
1.5292e+05
1.5275e+05
1.525e+05
1.5244e+05
1.5227e+05
1.5199e+05
1.5172e+05
1.5162e+05
1.5132e+05
1.5124e+05
1.5099e+05
1.5077e+05
1.5056e+05
1.5039e+05
1.5015e+05
1.4992e+05
1.4974e+05
1.4969e+05
1.492e+05
1.4913e+05
1.4904e+05
1.4861e+05
1.4852e+05
1.4841e+05
1.4805e+05
1.4797e+05
1.4787e+05
1.4762e+05
1.4736e+05
1.473e+05
1.4712e+05
1.4709e+05
1.4677e+05
1.4668e+05
1.4649e+05
1.4625e+05
1.4621e+05
1.4574e+05
1.4565e+05
1.4547e+05
1.4532e+05
1.4517e+05
1.4496e+05
1.4487e+05
1.4456e+05
1.4454e+05
1.443e+05
1.4416e+05
1.4394e+05
1.436e+05
1.4339e+05
1.4328e+05
1.4319e+05
1.4296e+05
1.4281e+05
1.427e+05
1.4256e+05
1.4234e+05
1.4219e+05
1.4204e+05
1.4199e+05
1.419e+05
1.4166e+05
1.4144e+05
1.4136e+05
1.4108e+05
1.4092e+05
1.4045e+05
1.4016e+05
1.4008e+05
1.4001e+05
1.3978e+05
1.3964e+05
1.3942e+05
1.3926e+05
1.3917e+05
1.3881e+05
1.3867e+05
1.3864e+05
1.3854e+05
1.3847e+05
1.3823e+05
1.3818e+05
1.3792e+05
1.3765e+05
1.3756e+05
1.3744e+05
1.3726e+05
1.3703e+05
1.369e+05
1.3676e+05
1.3666e+05
1.3646e+05
1.3628e+05
1.3612e+05
1.361e+05
1.3584e+05
1.3576e+05
1.3556e+05
1.3529e+05
1.3504e+05
1.3492e+05
1.3477e+05
1.3464e+05
1.345e+05
1.3433e+05
1.3423e+05
1.3406e+05
1.3384e+05
1.3363e+05
1.3355e+05
1.3321e+05
1.3306e+05
1.3278e+05
1.3272e+05
1.327e+05
1.3247e+05
1.323e+05
1.322e+05
1.319e+05
1.3174e+05
1.3159e+05
1.3141e+05
1.3115e+05
1.3107e+05
1.3097e+05
1.3075e+05
1.307e+05
1.305e+05
1.3037e+05
1.3014e+05
1.2998e+05
1.2984e+05
1.2976e+05
1.2962e+05
1.295e+05
1.2931e+05
1.2911e+05
1.2891e+05
1.2882e+05
1.2867e+05
1.2857e+05
1.2847e+05
1.2833e+05
1.2821e+05
1.2791e+05
1.2783e+05
1.2768e+05
1.2759e+05
1.2743e+05
1.2732e+05
1.2704e+05
1.2696e+05
1.2688e+05
1.2663e+05
1.2623e+05
1.2603e+05
1.2585e+05
1.2583e+05
1.2574e+05
1.2558e+05
1.2547e+05
1.2532e+05
1.2509e+05
1.2503e+05
1.2496e+05
1.2459e+05
1.2439e+05
1.2428e+05
1.2425e+05
1.2389e+05
1.2387e+05
1.2373e+05
1.2369e+05
1.2344e+05
1.2337e+05
1.2303e+05
1.2299e+05
1.2285e+05
1.2279e+05
1.2263e+05
1.2237e+05
1.2228e+05
1.2211e+05
1.2198e+05
1.2184e+05
1.217e+05
1.2152e+05
1.215e+05
1.2122e+05
1.2105e+05
1.2092e+05
1.2088e+05
1.2066e+05
1.2046e+05
1.2037e+05
1.2029e+05
1.2011e+05
1.1995e+05
1.1986e+05
1.1982e+05
1.1936e+05
1.1935e+05
1.1918e+05
1.1914e+05
1.1898e+05
1.1891e+05
1.1873e+05
1.1852e+05
1.1847e+05
1.1824e+05
1.1818e+05
1.1815e+05
1.1796e+05
1.1786e+05
1.1761e+05
1.175e+05
1.1733e+05
1.1718e+05
1.1707e+05
1.1696e+05
1.1681e+05
1.165e+05
1.1643e+05
1.1614e+05
1.1608e+05
1.1603e+05
1.1591e+05
1.1579e+05
1.1568e+05
1.1548e+05
1.1541e+05
1.1534e+05
1.1514e+05
1.1498e+05
1.1488e+05
1.1475e+05
1.1458e+05
1.1446e+05
1.1433e+05
1.1426e+05
1.1419e+05
1.1405e+05
1.1395e+05
1.1373e+05
1.1362e+05
1.1351e+05
1.1341e+05
1.1328e+05
1.1303e+05
1.1289e+05
1.127e+05
1.126e+05
1.1254e+05
1.1243e+05
1.1233e+05
1.1217e+05
1.1204e+05
1.1195e+05
1.1178e+05
1.1163e+05
1.115e+05
1.1143e+05
1.1129e+05
1.1118e+05
1.1103e+05
1.1085e+05
1.1077e+05
1.1055e+05
1.1051e+05
1.1043e+05
1.1031e+05
1.1025e+05
1.1007e+05
1.0993e+05
1.0984e+05
1.0979e+05
1.0959e+05
1.0939e+05
1.093e+05
1.0921e+05
1.0916e+05
1.0906e+05
1.0893e+05
1.0879e+05
1.0861e+05
1.0838e+05
1.0836e+05
1.0807e+05
1.0804e+05
1.0794e+05
1.079e+05
1.0772e+05
1.0765e+05
1.0756e+05
1.0731e+05
1.0726e+05
1.071e+05
1.07e+05
1.0691e+05
1.0669e+05
1.066e+05
1.0655e+05
1.0648e+05
1.0625e+05
1.0603e+05
1.0598e+05
1.0583e+05
1.0581e+05
1.0571e+05
1.0564e+05
1.0548e+05
1.0532e+05
1.0525e+05
1.0518e+05
1.0513e+05
1.0483e+05
1.0466e+05
1.046e+05
1.045e+05
1.0438e+05
1.0417e+05
1.0414e+05
1.0397e+05
1.0383e+05
1.0377e+05
1.0367e+05
1.0359e+05
1.0336e+05
1.0327e+05
1.0309e+05
1.0305e+05
1.0299e+05
1.0289e+05
1.0275e+05
1.0259e+05
1.0257e+05
1.0242e+05
1.0236e+05
1.0219e+05
1.0202e+05
1.0201e+05
1.0193e+05
1.0182e+05
1.0155e+05
1.0147e+05
1.0136e+05
1.0127e+05
1.0118e+05
1.0108e+05
1.0102e+05
1.0088e+05
1.0076e+05
1.0073e+05
1.0052e+05
1.0036e+05
1.002e+05
1.0008e+05
99981
99810
99776
99565
99458
99377
99291
99171
99128
99006
98900
98760
98623
98508
98334
98302
98281
98146
98083
97963
97890
97769
97476
97442
97348
97208
97161
96917
96841
96741
96653
96534
96434
96404
96226
96073
95997
95989
95868
95828
95746
95621
95496
95278
95185
95150
95071
94997
94768
94661
94509
94485
94447
94298
94200
94103
93992
93921
93854
93707
93649
93512
93378
93232
93159
93094
92954
92844
92829
92632
92489
92434
92300
92240
92104
91989
91952
91849
91750
91599
91460
91446
91339
91231
91189
91066
90901
90837
90808
90727
90485
90454
90387
90359
90347
90118
90066
89946
89826
89765
89615
89536
89454
89313
89276
89124
88988
88956
88846
88792
88709
88564
88460
88426
88260
88183
88152
88124
87954
87852
87845
87775
87570
87386
87302
87290
87184
87086
87019
86964
86773
86742
86639
86569
86509
86380
86353
86188
86111
86006
85970
85768
85695
85549
85474
85363
85296
85205
85173
85016
84909
84876
84836
84724
84570
84523
84460
84432
84362
84250
84221
84008
83983
83889
83816
83732
83596
83466
83388
83308
83232
83148
83062
83009
82981
82822
82801
82610
82527
82435
82381
82353
82223
82167
81996
81864
81838
81701
81636
81554
81442
81376
81319
81165
81117
81082
80977
80967
80851
80774
80758
80607
80517
80478
80279
80193
80176
80035
79969
79940
79732
79700
79625
79519
79446
79430
79299
79246
79230
79134
79083
78899
78798
78745
78712
78633
78559
78535
78443
78381
78252
78101
77997
77967
77944
77772
77700
77648
77532
77483
77341
77281
77239
77072
76981
76940
76870
76736
76697
76645
76531
76455
76394
76337
76239
76126
76062
75965
75945
75890
75800
75718
75689
75614
75552
75408
75308
75279
75170
75099
75000
74942
74898
74851
74797
74749
74665
74614
74592
74528
74419
74296
74241
74157
74087
74016
73924
73828
73794
73678
73578
73437
73423
73381
73294
73209
73142
73115
72958
72871
72827
72794
72758
72661
72512
72511
72445
72430
72288
72230
72182
72141
72040
71913
71869
71800
71738
71690
71652
71541
71433
71381
71320
71168
71158
71032
70960
70900
70825
70769
70714
70604
70561
70423
70376
70324
70270
70149
70133
70081
70003
69886
69846
69789
69738
69618
69500
69441
69383
69313
69209
69137
69075
69036
68980
68913
68837
68760
68655
68612
68537
68505
68437
68319
68266
68218
68162
68099
67925
67899
67838
67804
67681
67595
67593
67527
67471
67382
67321
67311
67202
67181
67128
67092
66988
66983
66879
66752
66721
66605
66564
66528
66444
66380
66349
66252
66231
66136
66109
66035
65995
65969
65845
65790
65758
65683
65598
65553
65457
65441
65368
65310
65199
65110
65044
64987
64925
64877
64805
64747
64690
64648
64595
64516
64465
64362
64283
64245
64151
64092
64060
64047
63945
63917
63826
63741
63704
63648
63493
63474
63399
63341
63303
63272
63159
63072
62990
62945
62866
62837
62761
62716
62636
62610
62550
62533
62460
62404
62337
62275
62193
62147
62120
62056
61948
61831
61773
61716
61634
61577
61524
61454
61395
61377
61271
61253
61132
61054
61051
61005
60950
60842
60770
60665
60624
60563
60549
60530
60420
60366
60336
60254
60240
60209
60168
60092
59993
59949
59894
59805
59699
59677
59606
59522
59491
59458
59375
59344
59210
59188
59139
59054
59013
58977
58944
58917
58878
58839
58758
58695
58601
58534
58490
58455
58412
58306
58231
58198
58149
58045
58030
58022
57913
57860
57826
57782
57600
57576
57544
57482
57466
57373
57345
57314
57265
57175
57115
57052
57015
56979
56919
56881
56871
56849
56786
56711
56673
56547
56532
56482
56393
56366
56324
56288
56244
56199
56165
56048
56027
56024
55845
55802
55774
55643
55599
55581
55530
55506
55403
55350
55342
55282
55213
55183
55111
55096
55028
54968
54923
54873
54842
54817
54762
54708
54641
54606
54570
54457
54438
54400
54348
54242
54200
54186
54136
54089
54018
53968
53894
53870
53826
53773
53760
53666
53617
53534
53450
53425
53342
53296
53258
53241
53217
53150
53127
53094
52998
52971
52890
52856
52785
52718
52671
52568
52550
52533
52479
52437
52431
52317
52284
52257
52230
52096
52073
52036
51978
51949
51891
51876
51804
51698
51655
51612
51553
51495
51476
51451
51402
51361
51296
51257
51193
51137
51105
51059
51003
50966
50915
50861
50812
50782
50722
50692
50657
50626
50542
50516
50471
50403
50353
50279
50263
50245
50213
50124
50079
50042
50019
49909
49887
49846
49807
49744
49721
49664
49648
49564
49546
49474
49433
49375
49301
49287
49235
49149
49106
49087
49025
48921
48892
48889
48839
48795
48738
48704
48680
48608
48562
48535
48471
48419
48409
48376
48322
48255
48237
48204
48196
48140
48057
48003
47979
47884
47853
47750
47723
47706
47673
47592
47571
47548
47540
47415
47383
47376
47348
47327
47270
47263
47186
47165
47075
47033
47007
46950
46936
46837
46816
46790
46753
46728
46707
46667
46628
46588
46489
46454
46400
46372
46316
46275
46252
46216
46141
46116
46056
46028
45982
45950
45853
45800
45756
45734
45711
45653
45614
45572
45549
45507
45480
45425
45346
45310
45293
45203
45179
45118
45098
45075
45051
45046
44991
44943
44895
44847
44819
44765
44736
44683
44638
44599
44575
44544
44483
44454
44428
44371
44335
44286
44241
44206
44170
44109
44072
44036
44027
43963
43904
43867
43836
43796
43773
43740
43708
43657
43572
43566
43503
43468
43432
43415
43360
43345
43311
43273
43197
43177
43150
43113
43055
43032
42989
42947
42932
42898
42815
42807
42778
42711
42696
42645
42567
42559
42510
42487
42427
42408
42367
42307
42287
42226
42221
42163
42154
42121
42084
42058
42026
42000
41926
41885
41859
41820
41806
41734
41697
41621
41584
41535
41504
41497
41479
41441
41403
41339
41330
41289
41275
41210
41169
41126
41107
41076
41046
40992
40962
40931
40863
40830
40792
40751
40693
40671
40648
40619
40576
40547
40472
40430
40419
40361
40345
40305
40252
40203
40193
40174
40128
40082
40069
40028
39989
39951
39892
39868
39820
39801
39792
39728
39677
39635
39619
39546
39506
39490
39426
39409
39392
39365
39319
39272
39248
39221
39149
39115
39056
39020
39004
38986
38943
38928
38848
38817
38804
38770
38737
38707
38638
38630
38613
38590
38537
38492
38444
38400
38375
38314
38305
38274
38248
38217
38198
38168
38133
38118
38034
38013
37994
37939
37933
37897
37847
37827
37766
37764
37713
37659
37638
37606
37569
37530
37484
37468
37434
37391
37376
37346
37304
37292
37256
37231
37166
37133
37096
37058
37016
36998
36961
36937
36919
36893
36829
36807
36781
36751
36713
36703
36649
36603
36522
36516
36500
36494
36474
36407
36387
36377
36312
36278
36263
36244
36215
36163
36110
36080
36065
36012
35982
35952
35902
35885
35840
35807
35763
35751
35726
35702
35668
35643
35614
35577
35567
35516
35484
35448
35406
35400
35336
35320
35271
35260
35205
35185
35157
35142
35085
35061
35043
35013
34989
34947
34923
34904
34860
34808
34789
34734
34726
34691
34670
34656
34622
34570
34532
34510
34477
34414
34399
34366
34349
34331
34310
34277
34188
34183
34142
34117
34098
34071
34018
34000
33975
33923
33901
33868
33859
33847
33806
33777
33756
33732
33679
33656
33600
33577
33558
33524
33506
33474
33448
33426
33392
33361
33321
33294
33252
33227
33205
33177
33155
33087
33062
33028
33019
32969
32961
32930
32901
32857
32832
32804
32784
32774
32724
32711
32655
32643
32624
32583
32542
32515
32497
32486
32449
32427
32409
32360
32331
32279
32263
32227
32175
32167
32133
32122
32080
32046
32029
31984
31978
31940
31922
31908
31879
31829
31791
31782
31753
31671
31665
31605
31598
31585
31560
31554
31489
31466
31453
31445
31401
31385
31312
31281
31271
31223
31219
31183
31158
31131
31122
31095
31059
31054
31004
30984
30934
30918
30910
30859
30849
30814
30804
30777
30740
30709
30685
30636
30622
30606
30588
30531
30478
30468
30437
30392
30389
30346
30341
30313
30302
30241
30201
30184
30162
30158
30097
30087
30045
30022
30003
30001
29943
29923
29884
29841
29825
29791
29784
29718
29697
29679
29669
29638
29609
29584
29544
29512
29484
29475
29452
29435
29399
29372
29355
29320
29303
29284
29261
29233
29216
29197
29141
29120
29087
29056
29037
29017
29000
28947
28939
28936
28885
28847
28831
28826
28762
28729
28702
28681
28647
28627
28605
28584
28572
28531
28520
28477
28458
28442
28415
28383
28370
28362
28319
28286
28249
28221
28205
28177
28153
28129
28090
28059
28051
28031
28016
27991
27977
27962
27951
27899
27860
27833
27808
27800
27782
27762
27733
27676
27666
27640
27614
27596
27586
27579
27536
27500
27468
27459
27449
27418
27384
27344
27323
27306
27282
27260
27224
27184
27173
27153
27126
27119
27092
27058
27046
27011
27000
26972
26940
26924
26897
26887
26865
26838
26821
26801
26789
26745
26714
26689
26654
26645
26621
26595
26551
26529
26495
26480
26461
26425
26417
26406
26384
26354
26330
26311
26262
26252
26216
26199
26179
26158
26136
26113
26097
26080
26046
26007
25993
25984
25935
25918
25875
25863
25840
25837
25790
25775
25766
25732
25726
25713
25684
25657
25613
25600
25583
25559
25546
25530
25509
25459
25449
25430
25401
25375
25362
25325
25318
25288
25245
25245
25214
25194
25184
25173
25124
25095
25085
25059
25035
24971
24965
24944
24920
24910
24878
24837
24826
24809
24789
24768
24742
24734
24695
24662
24648
24625
24610
24579
24567
24522
24498
24471
24449
24426
24424
24390
24375
24353
24333
24291
24279
24262
24245
24211
24204
24177
24148
24134
24118
24086
24083
24069
24050
24025
23996
23983
23957
23943
23935
23917
23885
23858
23839
23803
23779
23771
23736
23720
23696
23660
23634
23609
23603
23574
23535
23519
23505
23496
23469
23460
23445
23420
23411
23397
23358
23332
23306
23299
23254
23244
23231
23203
23193
23149
23145
23116
23110
23092
23086
23055
22994
22986
22971
22938
22917
22882
22875
22843
22829
22813
22790
22775
22739
22733
22711
22690
22678
22651
22642
22614
22582
22575
22548
22514
22497
22491
22450
22435
22425
22406
22387
22361
22330
22317
22283
22277
22258
22222
22205
22175
22158
22149
22123
22109
22102
22074
22051
22035
22011
22001
21975
21969
21931
21899
21890
21871
21841
21830
21775
21767
21737
21727
21714
21692
21672
21667
21630
21607
21562
21556
21549
21529
21516
21487
21455
21454
21438
21429
21419
21394
21372
21355
21341
21312
21287
21278
21240
21226
21213
21184
21179
21163
21146
21135
21109
21090
21073
21053
21021
20993
20978
20968
20944
20938
20910
20887
20860
20846
20834
20815
20808
20794
20753
20738
20727
20673
20665
20663
20625
20613
20607
20573
20564
20521
20517
20491
20471
20465
20444
20424
20413
20402
20389
20366
20341
20305
20293
20292
20265
20261
20243
20197
20195
20176
20156
20120
20108
20106
20088
20056
20044
20024
19999
19988
19959
19944
19939
19913
19897
19890
19857
19836
19822
19800
19790
19773
19766
19737
19721
19716
19704
19668
19660
19650
19647
19603
19574
19555
19534
19513
19510
19489
19473
19470
19452
19435
19415
19388
19364
19356
19319
19302
19291
19260
19235
19232
19218
19199
19181
19168
19158
19125
19105
19102
19088
19051
19037
19014
19000
18987
18951
18935
18931
18914
18908
18872
18856
18820
18807
18791
18790
18771
18751
18728
18717
18701
18682
18671
18642
18619
18603
18579
18574
18554
18544
18528
18527
18480
18460
18453
18441
18414
18392
18380
18371
18351
18336
18296
18270
18266
18248
18243
18215
18202
18188
18163
18151
18139
18125
18100
18093
18084
18064
18051
18031
18024
17999
17984
17977
17953
17940
17913
17901
17878
17855
17846
17834
17817
17812
17790
17761
17754
17723
17718
17708
17695
17672
17647
17640
17615
17610
17576
17571
17544
17529
17524
17500
17480
17464
17457
17436
17412
17402
17390
17368
17361
17349
17334
17312
17303
17286
17262
17245
17230
17217
17202
17185
17139
17122
17105
17102
17087
17073
17052
17024
17019
17009
16989
16976
16957
16956
16932
16920
16901
16880
16868
16852
16840
16803
16794
16783
16779
16770
16750
16744
16741
16724
16716
16698
16651
16640
16635
16604
16592
16579
16563
16551
16522
16517
16490
16487
16463
16443
16435
16430
16421
16391
16382
16369
16340
16315
16286
16281
16267
16249
16228
16222
16197
16180
16158
16147
16135
16120
16112
16099
16084
16069
16057
16039
16023
16009
16005
15972
15960
15926
15916
15906
15900
15873
15868
15858
15842
15832
15810
15800
15771
15769
15743
15736
15719
15706
15701
15686
15672
15639
15618
15611
15588
15583
15568
15546
15544
15530
15528
15496
15474
15456
15442
15411
15408
15397
15369
15364
15345
15340
15322
15303
15296
15286
15264
15258
15236
15214
15211
15203
15168
15168
15165
15152
15140
15102
15079
15068
15062
15043
15029
15019
15003
14995
14960
14958
14935
14922
14895
14882
14878
14867
14852
14840
14826
14811
14803
14770
14765
14757
14747
14733
14722
14712
14694
14673
14664
14650
14620
14613
14604
14590
14574
14564
14550
14532
14521
14518
14505
14480
14468
14464
14441
14432
14407
14398
14393
14372
14364
14343
14326
14311
14288
14282
14266
14254
14244
14225
14210
14200
14192
14169
14160
14145
14129
14118
14086
14075
14066
14041
14035
14032
14017
13998
13987
13970
13956
13942
13923
13909
13904
13881
13873
13868
13860
13849
13820
13813
13807
13795
13770
13767
13753
13734
13716
13683
13675
13670
13659
13645
13637
13626
13583
13572
13570
13548
13538
13534
13522
13509
13495
13487
13468
13456
13452
13436
13415
13400
13377
13369
13358
13345
13339
13326
13319
13301
13294
13278
13266
13254
13245
13221
13202
13192
13179
13157
13150
13139
13127
13113
13107
13094
13080
13069
13057
13046
13032
13022
12999
12982
12966
12956
12943
12937
12925
12915
12899
12890
12868
12860
12856
12838
12823
12815
12786
12780
12764
12753
12748
12731
12714
12704
12683
12676
12652
12646
12643
12628
12608
12600
12589
12578
12551
12541
12535
12521
12516
12510
12497
12491
12474
12472
12444
12427
12425
12412
12410
12385
12371
12363
12352
12346
12325
12315
12304
12283
12272
12258
12245
12233
12219
12203
12189
12178
12160
12158
12141
12123
12113
12105
12092
12085
12069
12043
12039
12029
12014
12002
11994
11975
11957
11954
11950
11942
11922
11908
11903
11883
11873
11858
11847
11834
11819
11804
11789
11774
11770
11768
11762
11754
11734
11718
11708
11692
11684
11665
11650
11635
11624
11617
11612
11600
11585
11573
11552
11550
11530
11527
11521
11509
11503
11491
11478
11471
11446
11438
11436
11420
11410
11389
11378
11375
11355
11344
11324
11320
11312
11297
11285
11269
11256
11238
11237
11218
11198
11190
11177
11157
11148
11146
11135
11122
11114
11110
11108
11079
11064
11049
11037
11030
11027
10993
10979
10976
10959
10953
10936
10931
10921
10915
10905
10894
10880
10873
10864
10846
10837
10814
10803
10794
10784
10779
10764
10758
10741
10735
10721
10714
10697
10680
10669
10662
10650
10642
10629
10625
10616
10586
10584
10575
10554
10545
10530
10520
10510
10510
10503
10488
10470
10461
10450
10440
10428
10411
10400
10392
10373
10368
10356
10351
10339
10320
10317
10306
10302
10295
10272
10261
10251
10240
10216
10213
10205
10199
10177
10173
10169
10157
10149
10136
10123
10096
10090
10083
10072
10070
10051
10036
10031
10024
10006
9998.2
9987.1
9975.3
9968
9958.5
9955.4
9935
9928.7
9920.4
9895.4
9874.4
9872.6
9863.5
9852.7
9841.9
9831.9
9830.1
9818.4
9814.7
9795.8
9793.3
9783.6
9762.4
9745.4
9739.8
9726.5
9714.2
9709.5
9706.2
9698.5
9672.3
9670.2
9665.4
9658.8
9646.3
9625.8
9620.2
9616.2
9588.7
9581.4
9574
9572.7
9569.8
9548.5
9534.5
9522.1
9504.8
9499.8
9487.9
9482.7
9479.5
9471.6
9454.8
9439.5
9436.8
9432.9
9407.1
9403.8
9392
9377.7
9369
9355.4
9349.1
9340.4
9330.8
9318
9313.9
9310.7
9294.2
9292.4
9268.2
9263.1
9239.4
9230.9
9223.6
9214.8
9201.4
9188.7
9177.5
9171.7
9162.9
9159.8
9143.1
9133.9
9130.9
9120
9099.2
9092.6
9072.6
9064.7
9063.1
9047.6
9039.3
9035.5
9028.8
9017.2
9007.8
8996.9
8991.4
8978.4
8963.9
8956.6
8948.1
8935.5
8921.5
8914.8
8903.4
8885.7
8881.8
8873.4
8866
8852.7
8850
8834.8
8822.8
8812.4
8808.8
8804.3
8791.8
8775.8
8772.4
8769.7
8754.1
8745.3
8734
8715.2
8700.4
8691.3
8682.4
8673.9
8664.4
8651.3
8631.6
8619
8616.7
8607.2
8593.4
8590.5
8574.7
8564.7
8559.6
8537.2
8533.4
8526.9
8517.9
8516.3
8509.6
8498.8
8488.2
8480
8464.6
8453.8
8442.9
8437.3
8433.6
8416.5
8402.3
8397.2
8393.5
8389.2
8379.4
8371.7
8365.2
8352.5
8343.3
8332.3
8327.5
8323.9
8316.7
8315.5
8299.4
8290.2
8275.2
8273.7
8257.1
8240.5
8224.6
8218.4
8208.5
8198.9
8192.5
8182.5
8172.2
8160.8
8159
8150.1
8142.5
8136
8127.2
8108.5
8099.5
8083.5
8065.1
8059.7
8056.1
8044.6
8042.8
8021.6
8018.2
8011.7
8003.5
7999.5
7990.5
7986.8
7974
7959.4
7950.4
7944.8
7932.6
7922.3
7922.1
7913.4
7895.7
7891.3
7869.1
7859.5
7850.6
7841.9
7827.4
7824
7815.5
7813.7
7788.6
7782.6
7770.5
7768.3
7761.2
7747.3
7732.9
7718
7707.3
7698.8
7694.1
7681.7
7675.7
7663.9
7660.6
7651.6
7642.5
7638.7
7631.2
7621.2
7612.1
7590.3
7587.4
7571.8
7561.4
7553.9
7544.1
7536.1
7525
7522.6
7514
7510
7500
7494.9
7486.6
7481.7
7467.4
7458.5
7448.7
7447.2
7437.9
7427.9
7420.5
7411.4
7400.5
7395.9
7383
7380.1
7369.1
7366.5
7359.1
7340.5
7330.3
7322.9
7314.6
7299.1
7291
7278.8
7273.2
7269.4
7260
7257.5
7249.3
7245.6
7232.2
7229.3
7215.4
7205.9
7203.6
7187.4
7179.5
7173.6
7161.9
7154.7
7151.9
7145.1
7127.4
7121.7
7101
7098.8
7090
7083.7
7075.2
7065.9
7055.3
7045.2
7038.8
7035.5
7024.3
7017.7
7001.8
7000.5
6985.4
6971.6
6964
6957.4
6947.9
6943.7
6941.1
6929.2
6921.8
6911.1
6906.6
6902.7
6891.1
6880.9
6867.9
6860.3
6844.8
6838.4
6833.8
6825.7
6820.7
6801.2
6796.8
6794.2
6789.6
6774
6769
6752.8
6750.1
6742.5
6735.8
6723.3
6720.6
6707.8
6697.7
6684.1
6680.9
6674
6663.8
6654.5
6649.9
6630.7
6619.5
6612.9
6606.9
6600.8
6590.7
6585.9
6578.9
6560.4
6555.8
6553.7
6542.4
6535.7
6524.5
6515.1
6514
6510.7
6492.4
6485
6480.1
6473.5
6461.4
6452.9
6442.3
6440
6432.5
6425
6420.5
6405.8
6403.1
6397.7
6390.5
6385.6
6365.7
6358.1
6354.3
6353
6340.1
6325.4
6317.9
6315.2
6306
6295.3
6294.4
6285.2
6276.2
6268.6
6261.6
6250
6240.9
6234
6225.3
6220.2
6213.2
6199.1
6190.1
6180.8
6168.4
6160.7
6153.4
6150.3
6146.2
6139.7
6134.7
6115.4
6109.1
6095.2
6082
6080.1
6077.9
6061.5
6059.5
6059
6046.5
6040.2
6034.4
6024.6
6021.8
6009.6
6006.8
5996.6
5993.5
5983.2
5971.1
5966.7
5956.4
5942.2
5936.7
5928.5
5921
5915.4
5913.2
5903.5
5896.6
5884.8
5878.9
5874.6
5861.7
5855.5
5852.5
5835.3
5827.6
5827.3
5819.2
5808.4
5799
5796.3
5782.1
5777.5
5771.5
5764.4
5753.3
5749.1
5743
5734.6
5728.6
5716.7
5714.4
5707.8
5705.2
5694
5681.3
5676
5662.6
5659.3
5650.6
5648.9
5642.7
5628.5
5628
5618.6
5605.1
5599.1
5592.5
5583.1
5579.8
5567.9
5563.1
5561.4
5557.8
5552.1
5534.2
5527.1
5521
5511.2
5506
5499.7
5494.2
5491
5481.9
5472.1
5463.7
5454.7
5451.4
5445.3
5430.3
5425.2
5417.6
5407.9
5396.4
5391.9
5381
5374.5
5363
5359.5
5345.1
5342.5
5339.5
5323.5
5320.1
5312.2
5309.6
5301
5292.6
5284.3
5278.3
5274
5264.3
5263.6
5251.1
5239.6
5234.3
5230.8
5220.9
5218.7
5214.7
5203.5
5195.3
5190.2
5181.1
5171.3
5166.9
5161.2
5158.1
5156
5143.3
5132.7
5122.7
5118.2
5116.1
5108.6
5101.6
5095
5091.4
5082.4
5068.4
5067.2
5056.4
5044.8
5037.9
5031.9
5026.4
5025.6
5008.4
5001.9
4998.2
4987.3
4981.2
4976.5
4968.7
4963.6
4957.8
4953.7
4945.9
4942.3
4925
4921.1
4915.7
4907
4899.8
4893.7
4889.2
4882.9
4876.6
4863.5
4859.3
4849.8
4845.9
4839.7
4833.6
4823.4
4818.8
4805.9
4796.5
4790.8
4784
4767.2
4765.8
4761.9
4758.5
4750.2
4743.2
4738.8
4737.6
4727.7
4723.6
4714.2
4702.8
4695.8
4689.7
4680.1
4671.8
4669.1
4662.2
4660.1
4650.9
4643.6
4634.3
4627.3
4617
4613.5
4602
4598.9
4594.9
4588.9
4582.6
4569.1
4567.4
4558.7
4552.7
4539.9
4539
4529.6
4524.2
4521.3
4512.8
4505.1
4501.7
4496.2
4483.4
4475.9
4473.8
4467.6
4457.3
4451.9
4447.7
4438.2
4426.1
4422.3
4421.5
4414.1
4412.5
4396.6
4393.4
4385.4
4382.9
4370.1
4364.4
4360.4
4357.9
4351.5
4346.2
4335.3
4331.4
4328
4312.4
4310.1
4304
4299.8
4294.8
4279.3
4278
4275
4268.7
4255.9
4249.4
4246.7
4235.6
4227.6
4221.7
4216.9
4213.7
4205.6
4204.4
4191.7
4190.6
4185.2
4177.5
4171
4158.8
4154.5
4147.9
4141.8
4140
4133.5
4124.2
4117
4116.1
4106.7
4101.1
4096.9
4083.2
4072.7
4069.5
4064.7
4054.3
4052.1
4047.6
4044
4034.3
4028.6
4019.7
4016.3
4014.9
4009.3
4002.6
3989.8
3985
3978.6
3968.5
3961.6
3961.2
3951.1
3948.4
3946.4
3934.3
3924.8
3916.9
3913.6
3908
3904.5
3894.3
3888.1
3882.5
3875
3873.3
3868.2
3866.1
3864
3854.3
3849.1
3841.1
3830
3825.9
3820.4
3815.1
3814.3
3800
3794.1
3784.2
3783.1
3779.7
3775.5
3774
3762
3754.5
3748.8
3746.2
3736
3723.7
3719.4
3710.4
3705.7
3704.8
3696.3
3695
3690.7
3682.7
3675.3
3670
3668.4
3662.5
3655
3652.7
3643.5
3633.1
3625.1
3620.7
3613.7
3608.7
3598.6
3597.3
3590.3
3579.2
3573.2
3570.7
3563.9
3560.1
3552.7
3547.4
3540.5
3531.1
3526.8
3517.5
3502.5
3501.2
3498.5
3497.2
3494.5
3487.5
3483.5
3474.1
3468.8
3462.9
3457.7
3445.2
3440.5
3437.9
3428.6
3423
3420.7
3412
3406
3404.5
3401.6
3395.3
3383.8
3374.7
3367.6
3363.1
3358
3350.5
3338.7
3336.4
3326.6
3323.7
3321.3
3316
3312.3
3309.5
3300.9
3294.5
3290.9
3283.9
3279.2
3270.7
3265.1
3261.8
3255.2
3248.4
3246.5
3241.8
3235.9
3227.4
3220.7
3217.9
3215.4
3205.4
3201.9
3197.9
3184.5
3181
3177.2
3173
3167.2
3160.4
3155.6
3153.9
3146.5
3139.1
3132.1
3125.9
3125.5
3116
3114.7
3109
3107.7
3097.5
3082
3081
3075.5
3071.7
3066.4
3064.4
3052.6
3047.8
3039.5
3035.1
3033.3
3030.7
3023
3010.4
3005.8
2998.9
2994.9
2992.7
2984.7
2981.7
2977.7
2970.7
2960.5
2958.6
2952.1
2947.5
2942.8
2933.4
2931.1
2928.3
2922.7
2918.6
2904.6
2903.2
2899.9
2894.9
2891.6
2884.2
2880.2
2874.7
2871
2864.2
2859.9
2856.5
2853.2
2843.6
2837.8
2830.7
2827
2824.9
2819.6
2817.2
2811.2
2798.8
2796.7
2795.3
2789.3
2780
2771.9
2765.1
2757
2754.1
2749.9
2746.4
2739.8
2733
2729.7
2724.4
2719.8
2712.2
2708.6
2705.3
2700.3
2695.8
2691.8
2682.2
2680.2
2673.5
2669.9
2664.8
2654.9
2651.6
2646
2642.6
2639.6
2634
2625.9
2621
2618.6
2611.4
2607.6
2605
2601.5
2589.7
2584.4
2581.5
2576.2
2565.5
2560.3
2558.1
2553.2
2544.5
2541.5
2538.3
2534.4
2529.3
2525.5
2518.2
2514.1
2504.4
2500.7
2494.9
2489.1
2485.9
2481.7
2476.3
2471.9
2467.1
2465
2457.3
2454.3
2449.7
2440.8
2437
2431
2425
2421.5
2416.8
2413.6
2406.8
2398.8
2391.9
2387.5
2386.6
2377.4
2372.7
2368.1
2357.9
2356.1
2349
2340.8
2339.2
2335.9
2331.5
2324.6
2321
2314.4
2312.2
2304.7
2300.8
2298
2292.3
2284.4
2280.7
2277.9
2271.4
2266.4
2262.9
2257.7
2253.1
2249
2236.6
2235.7
2230
2224.4
2218.5
2215
2212.3
2206.3
2201.8
2196.8
2193.6
2190.4
2184.3
2179.1
2172.4
2166.8
2163.3
2156.1
2154.1
2149.9
2144.8
2137.5
2134.2
2133.1
2124.9
2121.7
2118.7
2110.4
2107.3
2103.2
2097.2
2095.1
2092
2088.7
2085.2
2082.7
2071
2066.4
2064.1
2058.3
2054
2044.6
2041.4
2039.2
2028.5
2024.8
2014.9
2011.3
2006.3
2003.5
1993.3
1992.9
1985.1
1979.8
1975.7
1973.1
1968.9
1962.8
1958.5
1956.3
1955.3
1948.3
1945.9
1938.6
1937.7
1930.1
1921.8
1918.4
1916.6
1909.7
1907.2
1899.3
1896
1892.5
1887.9
1878.5
1876.8
1872.1
1868
1863.3
1856.6
1850.5
1847.6
1843
1839
1832.5
1827.3
1820.7
1816.8
1812.9
1808
1804.5
1801.3
1794.8
1792.2
1788.9
1786.8
1782.9
1778.7
1774.2
1768.4
1758.3
1755.9
1751.4
1744.1
1744
1740.1
1732.8
1729.1
1726.6
1721.8
1714.1
1708.9
1705.1
1699.7
1690.9
1689.2
1685.9
1681.5
1675.6
1671.8
1662.8
1662.4
1649.7
1648.2
1647.1
1645.5
1638.1
1632.8
1628.3
1626.8
1623.9
1614.5
1608.8
1605.8
1603.5
1596.2
1592.1
1585.5
1581
1577.6
1576.1
1569.3
1567.9
1563.5
1557.3
1554.1
1549.1
1547.2
1540.6
1528
1525.2
1518.2
1517.1
1510.6
1508.7
1504.8
1501.8
1497.8
1490.7
1484.7
1480.4
1476.1
1474.4
1467.1
1458.7
1454.3
1453.1
1449.5
1445.1
1440.8
1437.7
1428.2
1423.4
1421.5
1415.1
1411.5
1405
1400.7
1391.5
1388.9
1387.2
1383.5
1377.7
1375.2
1369.8
1365.2
1361.4
1353.6
1350.3
1345
1343
1342.5
1328.1
1324.6
1319.8
1316.1
1309.4
1305.5
1302.2
1297.6
1289.7
1285
1276.3
1272.6
1270.4
1265.8
1263.1
1257.7
1255.5
1250.5
1244.3
1240.5
1232.2
1224.1
1222.9
1216.3
1210
1202
1196.7
1195.3
1188.1
1186
1181.4
1176.2
1168.6
1164.5
1161.8
1160.2
1156.4
1150.5
1142.7
1141.1
1137.2
1131.7
1128
1126.8
1116.9
1115.8
1107.5
1103.2
1097.2
1086.9
1083
1076.6
1068.4
1060.6
1057.4
1055.3
1054.2
1046.1
1042.9
1035.6
1029.7
1028
1022.9
1014.9
1007.8
1006.3
1002.3
999.65
992.12
987
982.27
979.96
973.03
954.87
953.8
942.93
942.3
940.79
927.5
920.78
918.62
907.27
905.83
894.14
890.85
880.19
869.62
866.52
856.03
849.22
844.86
830.99
816.15
808.07
792.25
6.1913e-06
5.1591e-06
3.9045e-06
2.94e-06
2.7117e-06
2.4246e-06
2.1876e-06
1.6321e-06
1.4906e-06
1.1534e-06
1.0393e-06
8.7383e-07
7.5328e-07
7.315e-07
5.4369e-07
5.2397e-07
3.9767e-07
2.5647e-07
1.1999e-07
1.1812e-07
1.1739e-07
1.1696e-07
1.1654e-07
1.1631e-07
1.1602e-07
1.1556e-07
1.1516e-07
1.1475e-07
1.1468e-07
1.1414e-07
1.1403e-07
1.1393e-07
1.1371e-07
1.136e-07
1.1355e-07
1.1326e-07
1.1313e-07
1.128e-07
1.1262e-07
1.1242e-07
1.1236e-07
1.1225e-07
1.1219e-07
1.1197e-07
1.1173e-07
1.1158e-07
1.1128e-07
1.1119e-07
1.1108e-07
1.1088e-07
1.1065e-07
1.1057e-07
1.1051e-07
1.103e-07
1.1018e-07
1.1004e-07
1.0993e-07
1.099e-07
1.0968e-07
1.0944e-07
1.0941e-07
1.0924e-07
1.0916e-07
1.0908e-07
1.0888e-07
1.0882e-07
1.087e-07
1.0853e-07
1.084e-07
1.0825e-07
1.0822e-07
1.0809e-07
1.0791e-07
1.078e-07
1.0773e-07
1.0758e-07
1.0743e-07
1.0732e-07
1.0726e-07
1.0717e-07
1.0698e-07
1.0684e-07
1.0676e-07
1.0666e-07
1.0662e-07
1.0655e-07
1.0645e-07
1.0635e-07
1.0613e-07
1.0604e-07
1.0594e-07
1.0576e-07
1.0569e-07
1.0552e-07
1.0547e-07
1.0537e-07
1.0528e-07
1.052e-07
1.05e-07
1.049e-07
1.0483e-07
1.0477e-07
1.0464e-07
1.0452e-07
1.045e-07
1.0442e-07
1.0427e-07
1.0422e-07
1.0409e-07
1.0388e-07
1.038e-07
1.0368e-07
1.0367e-07
1.0361e-07
1.0347e-07
1.0337e-07
1.0329e-07
1.0326e-07
1.0308e-07
1.0298e-07
1.0294e-07
1.0286e-07
1.0279e-07
1.027e-07
1.0259e-07
1.0251e-07
1.0239e-07
1.0231e-07
1.0227e-07
1.0208e-07
1.02e-07
1.0195e-07
1.0191e-07
1.017e-07
1.0166e-07
1.016e-07
1.0146e-07
1.0144e-07
1.0136e-07
1.0135e-07
1.0123e-07
1.0109e-07
1.0106e-07
1.0097e-07
1.009e-07
1.0082e-07
1.0059e-07
1.0053e-07
1.0043e-07
1.0033e-07
1.0031e-07
1.0019e-07
1.0017e-07
1.0008e-07
9.994e-08
9.9864e-08
9.9733e-08
9.9704e-08
9.962e-08
9.9598e-08
9.9508e-08
9.9359e-08
9.9305e-08
9.9249e-08
9.9169e-08
9.9041e-08
9.8972e-08
9.8902e-08
9.8785e-08
9.8746e-08
9.8659e-08
9.8543e-08
9.8423e-08
9.8346e-08
9.8302e-08
9.8228e-08
9.8189e-08
9.8035e-08
9.7981e-08
9.7891e-08
9.7787e-08
9.7681e-08
9.7658e-08
9.7606e-08
9.7503e-08
9.7304e-08
9.7177e-08
9.7134e-08
9.7077e-08
9.7039e-08
9.6934e-08
9.6857e-08
9.6704e-08
9.6663e-08
9.6565e-08
9.6501e-08
9.6436e-08
9.6411e-08
9.6322e-08
9.6257e-08
9.6162e-08
9.6098e-08
9.6077e-08
9.6062e-08
9.5906e-08
9.5818e-08
9.5763e-08
9.5701e-08
9.5691e-08
9.5649e-08
9.5504e-08
9.5342e-08
9.5254e-08
9.5172e-08
9.5107e-08
9.5092e-08
9.4954e-08
9.4912e-08
9.4775e-08
9.4709e-08
9.4666e-08
9.4609e-08
9.4566e-08
9.4467e-08
9.438e-08
9.4324e-08
9.4306e-08
9.4205e-08
9.4145e-08
9.4045e-08
9.4042e-08
9.3897e-08
9.3837e-08
9.3765e-08
9.3677e-08
9.3642e-08
9.3557e-08
9.3491e-08
9.3395e-08
9.3335e-08
9.3193e-08
9.3099e-08
9.3063e-08
9.3019e-08
9.2924e-08
9.2838e-08
9.2785e-08
9.2754e-08
9.2668e-08
9.2608e-08
9.2509e-08
9.2475e-08
9.2423e-08
9.234e-08
9.2273e-08
9.2167e-08
9.2079e-08
9.1996e-08
9.188e-08
9.1822e-08
9.1797e-08
9.173e-08
9.1691e-08
9.1611e-08
9.1491e-08
9.1454e-08
9.1392e-08
9.1365e-08
9.1278e-08
9.1192e-08
9.1131e-08
9.1082e-08
9.0959e-08
9.0919e-08
9.0823e-08
9.0709e-08
9.0688e-08
9.0625e-08
9.0575e-08
9.0508e-08
9.0415e-08
9.0328e-08
9.0261e-08
9.0221e-08
9.0219e-08
9.0078e-08
9.0012e-08
8.9964e-08
8.9833e-08
8.9764e-08
8.9702e-08
8.96e-08
8.9529e-08
8.9499e-08
8.9425e-08
8.9333e-08
8.9302e-08
8.9248e-08
8.9206e-08
8.9109e-08
8.9051e-08
8.9035e-08
8.8944e-08
8.8862e-08
8.8799e-08
8.8776e-08
8.8656e-08
8.8634e-08
8.8543e-08
8.8519e-08
8.8373e-08
8.8328e-08
8.823e-08
8.8172e-08
8.8122e-08
8.8105e-08
8.8036e-08
8.7939e-08
8.792e-08
8.7847e-08
8.7786e-08
8.7687e-08
8.7614e-08
8.7557e-08
8.7454e-08
8.7407e-08
8.7375e-08
8.733e-08
8.7197e-08
8.7163e-08
8.7141e-08
8.7034e-08
8.7026e-08
8.6947e-08
8.69e-08
8.6839e-08
8.6752e-08
8.6727e-08
8.6645e-08
8.6589e-08
8.6534e-08
8.6489e-08
8.6372e-08
8.6365e-08
8.6301e-08
8.62e-08
8.6125e-08
8.6022e-08
8.6002e-08
8.592e-08
8.5858e-08
8.5788e-08
8.5755e-08
8.5649e-08
8.5553e-08
8.5526e-08
8.5435e-08
8.5375e-08
8.5288e-08
8.5244e-08
8.5174e-08
8.5142e-08
8.5041e-08
8.5021e-08
8.492e-08
8.4888e-08
8.4817e-08
8.4707e-08
8.4626e-08
8.4594e-08
8.453e-08
8.4496e-08
8.4448e-08
8.44e-08
8.4347e-08
8.4251e-08
8.4218e-08
8.417e-08
8.4114e-08
8.3972e-08
8.3919e-08
8.39e-08
8.3845e-08
8.3769e-08
8.3698e-08
8.3636e-08
8.3604e-08
8.3539e-08
8.3518e-08
8.3401e-08
8.3331e-08
8.3258e-08
8.319e-08
8.3186e-08
8.3101e-08
8.3004e-08
8.2932e-08
8.2889e-08
8.2853e-08
8.2778e-08
8.2756e-08
8.2666e-08
8.259e-08
8.2535e-08
8.2481e-08
8.2422e-08
8.2321e-08
8.2293e-08
8.2257e-08
8.2203e-08
8.2153e-08
8.2088e-08
8.1987e-08
8.1954e-08
8.1873e-08
8.1795e-08
8.1712e-08
8.1705e-08
8.1652e-08
8.1612e-08
8.1595e-08
8.1513e-08
8.1491e-08
8.146e-08
8.1293e-08
8.1253e-08
8.1236e-08
8.1122e-08
8.1093e-08
8.1022e-08
8.0917e-08
8.0834e-08
8.076e-08
8.0721e-08
8.069e-08
8.0651e-08
8.0545e-08
8.0491e-08
8.0416e-08
8.037e-08
8.0308e-08
8.019e-08
8.0176e-08
8.01e-08
8.0042e-08
8.0004e-08
7.9905e-08
7.9874e-08
7.9801e-08
7.9772e-08
7.9672e-08
7.9645e-08
7.9625e-08
7.9569e-08
7.9524e-08
7.9458e-08
7.9359e-08
7.9349e-08
7.9262e-08
7.9115e-08
7.9062e-08
7.9043e-08
7.9022e-08
7.8985e-08
7.887e-08
7.8858e-08
7.883e-08
7.8769e-08
7.871e-08
7.8623e-08
7.8593e-08
7.851e-08
7.8452e-08
7.8391e-08
7.8316e-08
7.8266e-08
7.8184e-08
7.8145e-08
7.8073e-08
7.8031e-08
7.7989e-08
7.7904e-08
7.7832e-08
7.7775e-08
7.7748e-08
7.7679e-08
7.7611e-08
7.7558e-08
7.752e-08
7.7485e-08
7.7382e-08
7.7341e-08
7.7314e-08
7.7265e-08
7.723e-08
7.7111e-08
7.7085e-08
7.705e-08
7.6975e-08
7.6922e-08
7.6893e-08
7.6857e-08
7.6801e-08
7.6798e-08
7.6676e-08
7.6637e-08
7.6607e-08
7.6543e-08
7.653e-08
7.6511e-08
7.6415e-08
7.6332e-08
7.627e-08
7.624e-08
7.6169e-08
7.6106e-08
7.6038e-08
7.598e-08
7.592e-08
7.5819e-08
7.581e-08
7.5747e-08
7.5695e-08
7.5669e-08
7.556e-08
7.5507e-08
7.5478e-08
7.5378e-08
7.5337e-08
7.5276e-08
7.522e-08
7.5148e-08
7.5085e-08
7.5072e-08
7.4986e-08
7.4951e-08
7.4885e-08
7.4804e-08
7.4731e-08
7.4703e-08
7.4676e-08
7.4661e-08
7.4622e-08
7.4516e-08
7.4437e-08
7.4395e-08
7.4336e-08
7.4325e-08
7.4271e-08
7.4209e-08
7.4131e-08
7.4096e-08
7.4065e-08
7.401e-08
7.3955e-08
7.3916e-08
7.3826e-08
7.378e-08
7.3759e-08
7.3682e-08
7.3678e-08
7.3656e-08
7.3578e-08
7.3523e-08
7.3422e-08
7.3411e-08
7.337e-08
7.3332e-08
7.3256e-08
7.3173e-08
7.3161e-08
7.3115e-08
7.304e-08
7.2928e-08
7.2901e-08
7.282e-08
7.2733e-08
7.2698e-08
7.2661e-08
7.263e-08
7.2509e-08
7.246e-08
7.2415e-08
7.2354e-08
7.2301e-08
7.2249e-08
7.22e-08
7.2161e-08
7.2111e-08
7.2074e-08
7.2005e-08
7.1954e-08
7.1872e-08
7.1797e-08
7.1743e-08
7.1705e-08
7.165e-08
7.1586e-08
7.1542e-08
7.1446e-08
7.1432e-08
7.1369e-08
7.1299e-08
7.1265e-08
7.122e-08
7.114e-08
7.1116e-08
7.1064e-08
7.1049e-08
7.0979e-08
7.0897e-08
7.0887e-08
7.0804e-08
7.0769e-08
7.0746e-08
7.0631e-08
7.0615e-08
7.0563e-08
7.0508e-08
7.0404e-08
7.0362e-08
7.0321e-08
7.0215e-08
7.0195e-08
7.0164e-08
7.0122e-08
7.0063e-08
7.0038e-08
6.9912e-08
6.9881e-08
6.9782e-08
6.9723e-08
6.967e-08
6.9649e-08
6.9608e-08
6.9551e-08
6.9541e-08
6.9513e-08
6.9487e-08
6.942e-08
6.9365e-08
6.9332e-08
6.9298e-08
6.9216e-08
6.9207e-08
6.9129e-08
6.9072e-08
6.9033e-08
6.9e-08
6.8915e-08
6.8878e-08
6.8825e-08
6.8787e-08
6.8715e-08
6.8671e-08
6.8635e-08
6.8606e-08
6.8515e-08
6.8508e-08
6.8413e-08
6.8369e-08
6.833e-08
6.8307e-08
6.8227e-08
6.8225e-08
6.8133e-08
6.8104e-08
6.8053e-08
6.7997e-08
6.7969e-08
6.7883e-08
6.7834e-08
6.776e-08
6.7751e-08
6.7683e-08
6.7577e-08
6.7515e-08
6.7477e-08
6.7448e-08
6.7403e-08
6.737e-08
6.7332e-08
6.728e-08
6.717e-08
6.7122e-08
6.7063e-08
6.7042e-08
6.7016e-08
6.6934e-08
6.6911e-08
6.6861e-08
6.6775e-08
6.6759e-08
6.6674e-08
6.662e-08
6.6537e-08
6.649e-08
6.64e-08
6.6385e-08
6.6332e-08
6.6259e-08
6.623e-08
6.621e-08
6.6139e-08
6.6087e-08
6.6065e-08
6.5995e-08
6.5905e-08
6.5873e-08
6.5814e-08
6.5801e-08
6.5778e-08
6.5745e-08
6.5604e-08
6.5554e-08
6.546e-08
6.5433e-08
6.5368e-08
6.5341e-08
6.5329e-08
6.5262e-08
6.5246e-08
6.521e-08
6.5186e-08
6.5093e-08
6.5047e-08
6.4943e-08
6.487e-08
6.4812e-08
6.4797e-08
6.4773e-08
6.4676e-08
6.4637e-08
6.4616e-08
6.4552e-08
6.4544e-08
6.4465e-08
6.4421e-08
6.434e-08
6.4323e-08
6.4242e-08
6.4138e-08
6.411e-08
6.4055e-08
6.4006e-08
6.3989e-08
6.393e-08
6.3886e-08
6.3787e-08
6.3752e-08
6.3717e-08
6.3707e-08
6.3671e-08
6.357e-08
6.3546e-08
6.3514e-08
6.3464e-08
6.3367e-08
6.3341e-08
6.3272e-08
6.324e-08
6.3199e-08
6.3137e-08
6.3117e-08
6.3051e-08
6.3023e-08
6.2977e-08
6.2927e-08
6.2857e-08
6.2761e-08
6.2756e-08
6.2726e-08
6.2678e-08
6.2595e-08
6.2556e-08
6.2536e-08
6.2484e-08
6.2423e-08
6.2391e-08
6.2351e-08
6.2285e-08
6.2229e-08
6.2193e-08
6.2135e-08
6.2055e-08
6.2027e-08
6.1966e-08
6.1907e-08
6.1867e-08
6.184e-08
6.1792e-08
6.1719e-08
6.1689e-08
6.1636e-08
6.1542e-08
6.1503e-08
6.1425e-08
6.1412e-08
6.1361e-08
6.1336e-08
6.1265e-08
6.1222e-08
6.119e-08
6.1132e-08
6.1101e-08
6.1018e-08
6.0999e-08
6.0917e-08
6.0872e-08
6.0851e-08
6.0806e-08
6.0758e-08
6.0703e-08
6.0629e-08
6.0576e-08
6.0531e-08
6.0503e-08
6.0484e-08
6.0415e-08
6.0309e-08
6.0254e-08
6.0227e-08
6.0171e-08
6.0162e-08
6.0095e-08
6.0057e-08
5.9999e-08
5.9952e-08
5.9919e-08
5.9811e-08
5.9791e-08
5.9738e-08
5.9718e-08
5.9629e-08
5.9608e-08
5.9586e-08
5.9515e-08
5.9492e-08
5.9443e-08
5.9362e-08
5.9358e-08
5.9333e-08
5.9269e-08
5.9243e-08
5.9196e-08
5.9158e-08
5.9122e-08
5.905e-08
5.9012e-08
5.8915e-08
5.8872e-08
5.8786e-08
5.8749e-08
5.8683e-08
5.8651e-08
5.8635e-08
5.8549e-08
5.8512e-08
5.8498e-08
5.8409e-08
5.8342e-08
5.8301e-08
5.8253e-08
5.8213e-08
5.8174e-08
5.8156e-08
5.8097e-08
5.808e-08
5.8056e-08
5.7977e-08
5.7941e-08
5.792e-08
5.7869e-08
5.7863e-08
5.7783e-08
5.7744e-08
5.772e-08
5.7635e-08
5.7606e-08
5.7526e-08
5.7458e-08
5.743e-08
5.7409e-08
5.7324e-08
5.7313e-08
5.7287e-08
5.7211e-08
5.7147e-08
5.7118e-08
5.7052e-08
5.703e-08
5.6982e-08
5.6961e-08
5.6872e-08
5.6794e-08
5.6781e-08
5.6725e-08
5.664e-08
5.6585e-08
5.6576e-08
5.6535e-08
5.6521e-08
5.6468e-08
5.6392e-08
5.6335e-08
5.632e-08
5.6255e-08
5.6232e-08
5.6206e-08
5.6117e-08
5.6106e-08
5.6049e-08
5.6024e-08
5.5939e-08
5.5875e-08
5.5804e-08
5.5763e-08
5.5744e-08
5.567e-08
5.565e-08
5.5597e-08
5.5535e-08
5.5506e-08
5.5461e-08
5.5414e-08
5.534e-08
5.5274e-08
5.5196e-08
5.5147e-08
5.5141e-08
5.5076e-08
5.506e-08
5.5015e-08
5.4967e-08
5.4953e-08
5.4915e-08
5.4821e-08
5.4787e-08
5.4731e-08
5.4718e-08
5.465e-08
5.463e-08
5.4592e-08
5.4552e-08
5.4505e-08
5.4481e-08
5.4409e-08
5.4342e-08
5.4254e-08
5.4232e-08
5.4184e-08
5.4165e-08
5.4106e-08
5.4036e-08
5.3988e-08
5.3935e-08
5.3918e-08
5.3834e-08
5.3815e-08
5.3784e-08
5.3735e-08
5.3655e-08
5.3587e-08
5.3552e-08
5.3488e-08
5.3443e-08
5.3404e-08
5.3347e-08
5.3298e-08
5.3239e-08
5.3236e-08
5.3198e-08
5.3183e-08
5.3115e-08
5.305e-08
5.3025e-08
5.2989e-08
5.2875e-08
5.2843e-08
5.2788e-08
5.2768e-08
5.2743e-08
5.273e-08
5.2623e-08
5.2575e-08
5.2555e-08
5.2507e-08
5.2463e-08
5.2415e-08
5.2396e-08
5.2346e-08
5.2319e-08
5.2212e-08
5.221e-08
5.2126e-08
5.2086e-08
5.2041e-08
5.1972e-08
5.1923e-08
5.1903e-08
5.1843e-08
5.1803e-08
5.177e-08
5.1702e-08
5.1662e-08
5.1601e-08
5.1589e-08
5.1552e-08
5.1489e-08
5.145e-08
5.1383e-08
5.1281e-08
5.128e-08
5.1242e-08
5.1182e-08
5.1153e-08
5.1099e-08
5.1053e-08
5.0969e-08
5.0947e-08
5.092e-08
5.0886e-08
5.0788e-08
5.0762e-08
5.073e-08
5.0661e-08
5.0634e-08
5.0592e-08
5.0578e-08
5.0525e-08
5.0486e-08
5.0428e-08
5.0391e-08
5.0367e-08
5.0319e-08
5.0281e-08
5.0194e-08
5.0169e-08
5.0123e-08
5.0059e-08
5.0024e-08
4.9973e-08
4.9901e-08
4.9882e-08
4.9859e-08
4.9788e-08
4.977e-08
4.9675e-08
4.9657e-08
4.9644e-08
4.9579e-08
4.9497e-08
4.947e-08
4.9395e-08
4.9331e-08
4.9297e-08
4.9257e-08
4.9233e-08
4.9196e-08
4.9146e-08
4.9089e-08
4.9064e-08
4.903e-08
4.8997e-08
4.8974e-08
4.8873e-08
4.8837e-08
4.8806e-08
4.8736e-08
4.8729e-08
4.8695e-08
4.8616e-08
4.8576e-08
4.8527e-08
4.8418e-08
4.8381e-08
4.8371e-08
4.8347e-08
4.8303e-08
4.8208e-08
4.8192e-08
4.8122e-08
4.8099e-08
4.807e-08
4.8018e-08
4.7991e-08
4.7928e-08
4.7905e-08
4.7859e-08
4.7834e-08
4.7772e-08
4.7738e-08
4.7673e-08
4.7654e-08
4.7566e-08
4.7553e-08
4.7448e-08
4.7414e-08
4.7378e-08
4.7363e-08
4.7349e-08
4.7323e-08
4.7224e-08
4.7207e-08
4.7109e-08
4.7068e-08
4.7022e-08
4.696e-08
4.6946e-08
4.6904e-08
4.6885e-08
4.6836e-08
4.6796e-08
4.6783e-08
4.6669e-08
4.6584e-08
4.6549e-08
4.6537e-08
4.6488e-08
4.6459e-08
4.6407e-08
4.6357e-08
4.6354e-08
4.626e-08
4.6241e-08
4.6166e-08
4.6104e-08
4.608e-08
4.6037e-08
4.6027e-08
4.596e-08
4.5913e-08
4.5846e-08
4.583e-08
4.5802e-08
4.573e-08
4.5664e-08
4.5637e-08
4.561e-08
4.5578e-08
4.5552e-08
4.5511e-08
4.5497e-08
4.5457e-08
4.541e-08
4.5388e-08
4.5326e-08
4.5266e-08
4.5215e-08
4.5166e-08
4.5128e-08
4.5052e-08
4.5002e-08
4.4948e-08
4.4919e-08
4.4879e-08
4.4835e-08
4.4803e-08
4.4726e-08
4.4707e-08
4.4651e-08
4.4596e-08
4.4513e-08
4.4499e-08
4.4455e-08
4.4422e-08
4.4369e-08
4.4331e-08
4.4317e-08
4.4245e-08
4.4208e-08
4.4154e-08
4.4113e-08
4.406e-08
4.4041e-08
4.4024e-08
4.3947e-08
4.3864e-08
4.3827e-08
4.3787e-08
4.3746e-08
4.3702e-08
4.3664e-08
4.3614e-08
4.357e-08
4.3527e-08
4.3472e-08
4.3432e-08
4.3406e-08
4.3348e-08
4.3338e-08
4.3288e-08
4.3264e-08
4.3226e-08
4.3133e-08
4.311e-08
4.3087e-08
4.307e-08
4.3012e-08
4.2953e-08
4.2932e-08
4.2907e-08
4.2875e-08
4.2805e-08
4.2742e-08
4.2665e-08
4.2657e-08
4.2575e-08
4.2551e-08
4.2536e-08
4.2454e-08
4.2438e-08
4.2383e-08
4.2365e-08
4.2299e-08
4.2259e-08
4.2227e-08
4.2136e-08
4.2077e-08
4.2055e-08
4.2006e-08
4.1984e-08
4.1941e-08
4.1913e-08
4.1841e-08
4.1832e-08
4.1823e-08
4.1763e-08
4.17e-08
4.1666e-08
4.1588e-08
4.1581e-08
4.1508e-08
4.1504e-08
4.1439e-08
4.1406e-08
4.1349e-08
4.1276e-08
4.1258e-08
4.116e-08
4.1133e-08
4.1117e-08
4.1099e-08
4.1063e-08
4.1009e-08
4.0987e-08
4.0926e-08
4.0874e-08
4.085e-08
4.0794e-08
4.0764e-08
4.0706e-08
4.0623e-08
4.0598e-08
4.0562e-08
4.0539e-08
4.0469e-08
4.0449e-08
4.0381e-08
4.0317e-08
4.0297e-08
4.0222e-08
4.0207e-08
4.0189e-08
4.0118e-08
4.0088e-08
4.0058e-08
4.0004e-08
3.9986e-08
3.9945e-08
3.9899e-08
3.9876e-08
3.979e-08
3.9706e-08
3.9694e-08
3.9665e-08
3.9567e-08
3.9555e-08
3.9515e-08
3.9462e-08
3.9437e-08
3.9359e-08
3.9347e-08
3.9318e-08
3.9305e-08
3.9231e-08
3.9161e-08
3.9134e-08
3.9094e-08
3.907e-08
3.9019e-08
3.9003e-08
3.8932e-08
3.8865e-08
3.8857e-08
3.8805e-08
3.8705e-08
3.869e-08
3.864e-08
3.8605e-08
3.8595e-08
3.8562e-08
3.8508e-08
3.8463e-08
3.8398e-08
3.8343e-08
3.8336e-08
3.8323e-08
3.8263e-08
3.8248e-08
3.8227e-08
3.8093e-08
3.8066e-08
3.8042e-08
3.8003e-08
3.7907e-08
3.7872e-08
3.7847e-08
3.778e-08
3.7772e-08
3.7744e-08
3.77e-08
3.7651e-08
3.7642e-08
3.7578e-08
3.754e-08
3.7486e-08
3.7448e-08
3.7377e-08
3.7353e-08
3.7314e-08
3.7245e-08
3.7217e-08
3.7187e-08
3.7143e-08
3.7084e-08
3.7048e-08
3.699e-08
3.6977e-08
3.6937e-08
3.6885e-08
3.6855e-08
3.6779e-08
3.6742e-08
3.6704e-08
3.6658e-08
3.6579e-08
3.6552e-08
3.6518e-08
3.6507e-08
3.6462e-08
3.6402e-08
3.636e-08
3.6325e-08
3.6284e-08
3.6259e-08
3.6214e-08
3.6205e-08
3.6093e-08
3.6037e-08
3.6031e-08
3.6004e-08
3.5939e-08
3.588e-08
3.5821e-08
3.581e-08
3.5762e-08
3.5716e-08
3.5666e-08
3.5594e-08
3.5544e-08
3.5492e-08
3.5481e-08
3.5449e-08
3.5428e-08
3.5404e-08
3.5364e-08
3.5304e-08
3.5245e-08
3.5242e-08
3.5184e-08
3.5156e-08
3.5112e-08
3.5102e-08
3.5003e-08
3.4954e-08
3.4925e-08
3.4899e-08
3.4865e-08
3.4843e-08
3.482e-08
3.4787e-08
3.469e-08
3.4654e-08
3.4625e-08
3.4596e-08
3.4574e-08
3.4531e-08
3.4486e-08
3.4386e-08
3.4374e-08
3.4328e-08
3.4258e-08
3.4234e-08
3.4151e-08
3.4137e-08
3.4115e-08
3.4058e-08
3.405e-08
3.3978e-08
3.3947e-08
3.3886e-08
3.3848e-08
3.3796e-08
3.3777e-08
3.3733e-08
3.3674e-08
3.3661e-08
3.3638e-08
3.36e-08
3.3509e-08
3.3494e-08
3.3486e-08
3.3449e-08
3.3354e-08
3.3317e-08
3.3282e-08
3.3236e-08
3.3177e-08
3.3141e-08
3.309e-08
3.3072e-08
3.2987e-08
3.2971e-08
3.2951e-08
3.2895e-08
3.2814e-08
3.2757e-08
3.2729e-08
3.2705e-08
3.2667e-08
3.2644e-08
3.2601e-08
3.2553e-08
3.2519e-08
3.2476e-08
3.242e-08
3.2361e-08
3.2341e-08
3.2293e-08
3.2261e-08
3.222e-08
3.2175e-08
3.2137e-08
3.2091e-08
3.2041e-08
3.2033e-08
3.2021e-08
3.1992e-08
3.1874e-08
3.1865e-08
3.1835e-08
3.1812e-08
3.173e-08
3.1669e-08
3.1661e-08
3.1626e-08
3.1562e-08
3.1551e-08
3.1507e-08
3.1474e-08
3.1385e-08
3.1361e-08
3.1335e-08
3.126e-08
3.1225e-08
3.1214e-08
3.1182e-08
3.1091e-08
3.1043e-08
3.0984e-08
3.0976e-08
3.0936e-08
3.089e-08
3.0848e-08
3.0837e-08
3.0792e-08
3.0764e-08
3.0729e-08
3.0678e-08
3.0617e-08
3.0585e-08
3.0557e-08
3.0487e-08
3.0447e-08
3.0407e-08
3.0391e-08
3.0328e-08
3.0282e-08
3.0274e-08
3.0212e-08
3.0153e-08
3.0114e-08
3.0079e-08
3.0064e-08
3.0038e-08
2.9964e-08
2.9921e-08
2.9839e-08
2.9822e-08
2.9777e-08
2.9742e-08
2.9701e-08
2.9677e-08
2.9611e-08
2.9576e-08
2.9543e-08
2.9471e-08
2.9463e-08
2.9405e-08
2.9388e-08
2.9317e-08
2.9286e-08
2.9252e-08
2.922e-08
2.9164e-08
2.9152e-08
2.9049e-08
2.9032e-08
2.8997e-08
2.893e-08
2.8916e-08
2.8887e-08
2.8848e-08
2.8795e-08
2.877e-08
2.8743e-08
2.8716e-08
2.8655e-08
2.8628e-08
2.8573e-08
2.857e-08
2.8528e-08
2.8455e-08
2.8436e-08
2.8418e-08
2.8361e-08
2.8347e-08
2.8329e-08
2.8263e-08
2.8241e-08
2.8204e-08
2.8173e-08
2.8107e-08
2.8063e-08
2.8021e-08
2.7956e-08
2.7888e-08
2.7865e-08
2.7806e-08
2.7735e-08
2.7693e-08
2.7651e-08
2.7642e-08
2.7583e-08
2.7544e-08
2.7495e-08
2.7484e-08
2.7422e-08
2.7411e-08
2.7333e-08
2.7327e-08
2.7305e-08
2.7286e-08
2.7171e-08
2.7153e-08
2.7108e-08
2.7083e-08
2.7045e-08
2.699e-08
2.6987e-08
2.6938e-08
2.688e-08
2.6859e-08
2.6825e-08
2.6758e-08
2.672e-08
2.6664e-08
2.66e-08
2.6555e-08
2.6477e-08
2.6468e-08
2.6404e-08
2.6388e-08
2.636e-08
2.6294e-08
2.6252e-08
2.622e-08
2.6177e-08
2.6124e-08
2.6096e-08
2.6058e-08
2.6029e-08
2.5985e-08
2.5915e-08
2.5888e-08
2.5862e-08
2.5808e-08
2.5776e-08
2.5717e-08
2.5703e-08
2.5651e-08
2.5596e-08
2.5579e-08
2.5514e-08
2.5451e-08
2.5423e-08
2.5397e-08
2.5375e-08
2.5354e-08
2.5317e-08
2.528e-08
2.522e-08
2.5187e-08
2.515e-08
2.5093e-08
2.5075e-08
2.5008e-08
2.4997e-08
2.493e-08
2.489e-08
2.4863e-08
2.4794e-08
2.4746e-08
2.4733e-08
2.4685e-08
2.4641e-08
2.4619e-08
2.4571e-08
2.4539e-08
2.4514e-08
2.4493e-08
2.4468e-08
2.4455e-08
2.4376e-08
2.4303e-08
2.4259e-08
2.4232e-08
2.4103e-08
2.409e-08
2.4071e-08
2.4027e-08
2.4013e-08
2.3968e-08
2.3948e-08
2.3881e-08
2.3825e-08
2.3775e-08
2.3721e-08
2.3693e-08
2.3678e-08
2.3667e-08
2.3612e-08
2.358e-08
2.355e-08
2.3499e-08
2.3482e-08
2.3429e-08
2.3395e-08
2.3339e-08
2.3309e-08
2.3287e-08
2.3234e-08
2.3194e-08
2.3145e-08
2.3123e-08
2.3086e-08
2.3053e-08
2.302e-08
2.2936e-08
2.2913e-08
2.2868e-08
2.2811e-08
2.2769e-08
2.2712e-08
2.2703e-08
2.2685e-08
2.2629e-08
2.2571e-08
2.2532e-08
2.2499e-08
2.2456e-08
2.2414e-08
2.2367e-08
2.2344e-08
2.2235e-08
2.2217e-08
2.2186e-08
2.2156e-08
2.214e-08
2.2111e-08
2.2061e-08
2.2037e-08
2.1993e-08
2.1977e-08
2.1927e-08
2.187e-08
2.1842e-08
2.1791e-08
2.1782e-08
2.1732e-08
2.1683e-08
2.1645e-08
2.1576e-08
2.1525e-08
2.1485e-08
2.1479e-08
2.1466e-08
2.1379e-08
2.1352e-08
2.1302e-08
2.1244e-08
2.1221e-08
2.1202e-08
2.1169e-08
2.1128e-08
2.108e-08
2.1046e-08
2.1036e-08
2.0949e-08
2.0912e-08
2.0873e-08
2.084e-08
2.0822e-08
2.0789e-08
2.0735e-08
2.0668e-08
2.0607e-08
2.0595e-08
2.0582e-08
2.0539e-08
2.0502e-08
2.042e-08
2.0378e-08
2.0354e-08
2.0345e-08
2.0316e-08
2.028e-08
2.0253e-08
2.0199e-08
2.0153e-08
2.012e-08
2.004e-08
1.9978e-08
1.9959e-08
1.989e-08
1.9852e-08
1.9833e-08
1.9805e-08
1.9732e-08
1.9707e-08
1.9669e-08
1.9641e-08
1.9582e-08
1.9539e-08
1.9508e-08
1.942e-08
1.9413e-08
1.9386e-08
1.9335e-08
1.9304e-08
1.9271e-08
1.9205e-08
1.9191e-08
1.9159e-08
1.91e-08
1.9073e-08
1.9011e-08
1.8996e-08
1.894e-08
1.8912e-08
1.8888e-08
1.8862e-08
1.8822e-08
1.879e-08
1.8749e-08
1.8717e-08
1.8623e-08
1.8591e-08
1.8563e-08
1.853e-08
1.8507e-08
1.8452e-08
1.8418e-08
1.841e-08
1.8359e-08
1.8298e-08
1.8264e-08
1.8244e-08
1.8213e-08
1.8164e-08
1.814e-08
1.8105e-08
1.8003e-08
1.7985e-08
1.7925e-08
1.7896e-08
1.7862e-08
1.7822e-08
1.7791e-08
1.7772e-08
1.7728e-08
1.7671e-08
1.7656e-08
1.7604e-08
1.7582e-08
1.7552e-08
1.7495e-08
1.7436e-08
1.7425e-08
1.7382e-08
1.7283e-08
1.7278e-08
1.7222e-08
1.7191e-08
1.7173e-08
1.7129e-08
1.7063e-08
1.7021e-08
1.6985e-08
1.6923e-08
1.6916e-08
1.6872e-08
1.6846e-08
1.6802e-08
1.6762e-08
1.6751e-08
1.6715e-08
1.6665e-08
1.6586e-08
1.6561e-08
1.6521e-08
1.6496e-08
1.6466e-08
1.646e-08
1.6406e-08
1.6359e-08
1.6355e-08
1.6305e-08
1.6251e-08
1.6207e-08
1.6161e-08
1.6131e-08
1.6094e-08
1.6045e-08
1.6017e-08
1.5998e-08
1.5906e-08
1.587e-08
1.5842e-08
1.5793e-08
1.5772e-08
1.5736e-08
1.5697e-08
1.5613e-08
1.5603e-08
1.5571e-08
1.551e-08
1.5471e-08
1.5418e-08
1.5413e-08
1.5389e-08
1.5322e-08
1.5307e-08
1.5257e-08
1.5221e-08
1.5194e-08
1.5148e-08
1.5115e-08
1.5089e-08
1.5049e-08
1.5007e-08
1.494e-08
1.4937e-08
1.4873e-08
1.4835e-08
1.4774e-08
1.4734e-08
1.4705e-08
1.4633e-08
1.4609e-08
1.4585e-08
1.4576e-08
1.4553e-08
1.4493e-08
1.4437e-08
1.4411e-08
1.4372e-08
1.4351e-08
1.4306e-08
1.4286e-08
1.4253e-08
1.422e-08
1.4141e-08
1.4123e-08
1.4061e-08
1.4045e-08
1.4017e-08
1.3987e-08
1.3945e-08
1.3875e-08
1.384e-08
1.382e-08
1.3764e-08
1.3726e-08
1.3684e-08
1.3639e-08
1.3581e-08
1.3534e-08
1.35e-08
1.3448e-08
1.3419e-08
1.3389e-08
1.3349e-08
1.3342e-08
1.3273e-08
1.3256e-08
1.3207e-08
1.3188e-08
1.3174e-08
1.3096e-08
1.3053e-08
1.3e-08
1.2933e-08
1.2883e-08
1.2859e-08
1.2844e-08
1.2803e-08
1.2784e-08
1.2746e-08
1.2723e-08
1.2692e-08
1.2656e-08
1.2605e-08
1.2566e-08
1.2528e-08
1.2468e-08
1.2449e-08
1.2446e-08
1.2382e-08
1.2319e-08
1.2277e-08
1.2239e-08
1.2223e-08
1.2211e-08
1.2194e-08
1.2173e-08
1.2057e-08
1.2028e-08
1.1957e-08
1.1944e-08
1.1928e-08
1.1842e-08
1.1825e-08
1.1799e-08
1.1769e-08
1.1727e-08
1.1703e-08
1.1686e-08
1.1613e-08
1.1596e-08
1.1581e-08
1.1477e-08
1.147e-08
1.1434e-08
1.1398e-08
1.1325e-08
1.1284e-08
1.1269e-08
1.125e-08
1.1213e-08
1.1164e-08
1.1127e-08
1.1105e-08
1.1065e-08
1.1044e-08
1.0983e-08
1.0966e-08
1.0935e-08
1.0871e-08
1.0826e-08
1.0786e-08
1.0766e-08
1.0726e-08
1.069e-08
1.0671e-08
1.0654e-08
1.0575e-08
1.0548e-08
1.0518e-08
1.0467e-08
1.0401e-08
1.0396e-08
1.0359e-08
1.0298e-08
1.0294e-08
1.0208e-08
1.0155e-08
1.0144e-08
1.0092e-08
1.008e-08
1.0037e-08
9.9689e-09
9.9181e-09
9.8948e-09
9.8656e-09
9.823e-09
9.7937e-09
9.7681e-09
9.7095e-09
9.6957e-09
9.6419e-09
9.5946e-09
9.556e-09
9.527e-09
9.513e-09
9.4495e-09
9.4179e-09
9.375e-09
9.3546e-09
9.2797e-09
9.2534e-09
9.2049e-09
9.1897e-09
9.1662e-09
9.1005e-09
9.0723e-09
9.0152e-09
9.0131e-09
8.9716e-09
8.9463e-09
8.9086e-09
8.9015e-09
8.8607e-09
8.797e-09
8.7858e-09
8.7319e-09
8.6893e-09
8.6678e-09
8.6199e-09
8.5858e-09
8.5568e-09
8.4838e-09
8.4422e-09
8.4248e-09
8.4027e-09
8.3189e-09
8.2994e-09
8.27e-09
8.2285e-09
8.1977e-09
8.165e-09
8.1365e-09
8.0913e-09
8.0643e-09
7.9934e-09
7.9905e-09
7.9675e-09
7.9431e-09
7.8599e-09
7.8502e-09
7.8054e-09
7.7618e-09
7.7342e-09
7.7122e-09
7.6552e-09
7.6143e-09
7.5656e-09
7.5318e-09
7.5283e-09
7.4942e-09
7.4651e-09
7.4115e-09
7.3612e-09
7.3303e-09
7.2661e-09
7.2411e-09
7.2211e-09
7.2151e-09
7.159e-09
7.1376e-09
7.0997e-09
7.0571e-09
7.0498e-09
6.9848e-09
6.9519e-09
6.8812e-09
6.8358e-09
6.816e-09
6.8045e-09
6.7572e-09
6.7052e-09
6.6592e-09
6.6459e-09
6.6083e-09
6.5903e-09
6.5517e-09
6.5391e-09
6.4473e-09
6.4337e-09
6.4092e-09
6.3828e-09
6.339e-09
6.296e-09
6.2333e-09
6.217e-09
6.2034e-09
6.1991e-09
6.1433e-09
6.0843e-09
6.0496e-09
6.0149e-09
6.0039e-09
5.9778e-09
5.966e-09
5.9365e-09
5.9123e-09
5.8397e-09
5.8284e-09
5.7942e-09
5.7371e-09
5.7243e-09
5.6829e-09
5.6343e-09
5.6226e-09
5.5819e-09
5.5463e-09
5.5408e-09
5.5151e-09
5.4537e-09
5.4331e-09
5.4139e-09
5.3713e-09
5.3667e-09
5.3282e-09
5.2982e-09
5.2608e-09
5.1964e-09
5.176e-09
5.1303e-09
5.0997e-09
5.0729e-09
5.0218e-09
4.9789e-09
4.9663e-09
4.9449e-09
4.8957e-09
4.8518e-09
4.8221e-09
4.7924e-09
4.759e-09
4.7279e-09
4.7044e-09
4.6762e-09
4.648e-09
4.6382e-09
4.5915e-09
4.5722e-09
4.5036e-09
4.4678e-09
4.4331e-09
4.3955e-09
4.3859e-09
4.3524e-09
4.3247e-09
4.2833e-09
4.247e-09
4.2088e-09
4.1792e-09
4.1528e-09
4.1345e-09
4.1073e-09
4.0778e-09
4.0457e-09
4.0367e-09
4.0063e-09
3.97e-09
3.9594e-09
3.9279e-09
3.8624e-09
3.8567e-09
3.7999e-09
3.7669e-09
3.7301e-09
3.6919e-09
3.6501e-09
3.6207e-09
3.6139e-09
3.5946e-09
3.5657e-09
3.5198e-09
3.4929e-09
3.4648e-09
3.4357e-09
3.4029e-09
3.3726e-09
3.3055e-09
3.2802e-09
3.265e-09
3.2299e-09
3.2279e-09
3.1653e-09
3.1635e-09
3.1531e-09
3.1279e-09
3.0923e-09
3.0575e-09
3.0319e-09
3.01e-09
2.9507e-09
2.9351e-09
2.9136e-09
2.9047e-09
2.8829e-09
2.8449e-09
2.8257e-09
2.7977e-09
2.7709e-09
2.7494e-09
2.7212e-09
2.7081e-09
2.6887e-09
2.669e-09
2.6597e-09
2.6473e-09
2.6188e-09
2.5984e-09
2.5683e-09
2.544e-09
2.5234e-09
2.4973e-09
2.4906e-09
2.4605e-09
2.4515e-09
2.4318e-09
2.4137e-09
2.3795e-09
2.3626e-09
2.3302e-09
2.3265e-09
2.3035e-09
2.2908e-09
2.252e-09
2.2314e-09
2.1959e-09
2.166e-09
2.1532e-09
2.1397e-09
2.0962e-09
2.0948e-09
2.0905e-09
2.0741e-09
2.016e-09
1.9989e-09
1.9735e-09
1.9478e-09
1.9333e-09
1.9087e-09
1.8993e-09
1.858e-09
1.8427e-09
1.815e-09
1.8038e-09
1.7907e-09
1.7888e-09
1.7559e-09
1.7447e-09
1.712e-09
1.6975e-09
1.6846e-09
1.6631e-09
1.6324e-09
1.6222e-09
1.6088e-09
1.5883e-09
1.5572e-09
1.5472e-09
1.5291e-09
1.5178e-09
1.5043e-09
1.4874e-09
1.4751e-09
1.4512e-09
1.4384e-09
1.4222e-09
1.4099e-09
1.4043e-09
1.3675e-09
1.3466e-09
1.3383e-09
1.3223e-09
1.3124e-09
1.2889e-09
1.2796e-09
1.259e-09
1.2566e-09
1.2363e-09
1.2036e-09
1.2006e-09
1.1929e-09
1.1813e-09
1.1721e-09
1.1542e-09
1.1428e-09
1.1226e-09
1.1151e-09
1.0974e-09
1.0924e-09
1.0787e-09
1.0601e-09
1.0487e-09
1.0438e-09
1.0386e-09
1.0305e-09
1.015e-09
9.87e-10
9.8043e-10
9.7091e-10
9.5119e-10
9.4249e-10
9.3313e-10
9.2849e-10
9.211e-10
9.0012e-10
8.8832e-10
8.8765e-10
8.7928e-10
8.7141e-10
8.605e-10
8.5213e-10
8.4058e-10
8.346e-10
8.2035e-10
8.1686e-10
8.1258e-10
7.9844e-10
7.9296e-10
7.8857e-10
7.8561e-10
7.7803e-10
7.6981e-10
7.5785e-10
7.5156e-10
7.4136e-10
7.3962e-10
7.3437e-10
7.2556e-10
7.2283e-10
7.0771e-10
7.0256e-10
6.9926e-10
6.7464e-10
6.7037e-10
6.6812e-10
6.6001e-10
6.5562e-10
6.5223e-10
6.3607e-10
6.3491e-10
6.312e-10
6.2235e-10
6.1598e-10
6.1104e-10
5.9869e-10
5.8829e-10
5.8674e-10
5.7666e-10
5.6988e-10
5.5722e-10
5.5227e-10
5.4402e-10
5.3539e-10
5.3186e-10
5.2318e-10
5.2023e-10
5.117e-10
5.0949e-10
5.0295e-10
5.0097e-10
4.9516e-10
4.9186e-10
4.8923e-10
4.8345e-10
4.7461e-10
4.7083e-10
4.6681e-10
4.5795e-10
4.5382e-10
4.5028e-10
4.4498e-10
4.3635e-10
4.2635e-10
4.2144e-10
4.1304e-10
4.0923e-10
4.0444e-10
4.0077e-10
3.9582e-10
3.8723e-10
3.8516e-10
3.7958e-10
3.7342e-10
3.707e-10
3.669e-10
3.5998e-10
3.5374e-10
3.4629e-10
3.4436e-10
3.3767e-10
3.3622e-10
3.3296e-10
3.2741e-10
3.2461e-10
3.1971e-10
3.1771e-10
3.1275e-10
3.0792e-10
3.0112e-10
2.9776e-10
2.9388e-10
2.903e-10
2.8868e-10
2.8729e-10
2.8035e-10
2.7737e-10
2.7463e-10
2.7411e-10
2.6577e-10
2.6313e-10
2.6135e-10
2.6012e-10
2.5202e-10
2.5089e-10
2.4819e-10
2.4007e-10
2.391e-10
2.3665e-10
2.3231e-10
2.2792e-10
2.2448e-10
2.2209e-10
2.1864e-10
2.1727e-10
2.144e-10
2.0815e-10
2.0569e-10
2.0464e-10
2.0054e-10
1.9818e-10
1.9458e-10
1.9184e-10
1.8944e-10
1.8835e-10
1.8391e-10
1.8218e-10
1.7975e-10
1.7583e-10
1.7425e-10
1.7326e-10
1.7104e-10
1.6896e-10
1.6443e-10
1.615e-10
1.5989e-10
1.5713e-10
1.5361e-10
1.4975e-10
1.4596e-10
1.4313e-10
1.4032e-10
1.3762e-10
1.3646e-10
1.3359e-10
1.3115e-10
1.3036e-10
1.2492e-10
1.2402e-10
1.2147e-10
1.1938e-10
1.1699e-10
1.1509e-10
1.1406e-10
1.1011e-10
1.0907e-10
1.0643e-10
1.0423e-10
1.0347e-10
1.0183e-10
1.0035e-10
9.8051e-11
9.7369e-11
9.5613e-11
9.3519e-11
9.2567e-11
9.0416e-11
8.9408e-11
8.7218e-11
8.6093e-11
8.3321e-11
8.1812e-11
8.065e-11
7.853e-11
7.7796e-11
7.7001e-11
7.54e-11
7.3678e-11
7.2946e-11
7.1314e-11
6.9965e-11
6.8714e-11
6.7603e-11
6.583e-11
6.3461e-11
6.1982e-11
6.0166e-11
5.9469e-11
5.6799e-11
5.5712e-11
5.5087e-11
5.4034e-11
5.2591e-11
5.0405e-11
4.8543e-11
4.6712e-11
4.597e-11
4.4571e-11
4.286e-11
4.1603e-11
3.9902e-11
3.9374e-11
3.7954e-11
3.7262e-11
3.6146e-11
3.5644e-11
3.4523e-11
3.3096e-11
3.2337e-11
3.1224e-11
3.0033e-11
2.9505e-11
2.9066e-11
2.7567e-11
2.5905e-11
2.4528e-11
2.4134e-11
2.3343e-11
2.19e-11
2.1696e-11
1.9546e-11
1.8744e-11
1.7826e-11
1.696e-11
1.6176e-11
1.5404e-11
1.4746e-11
1.4064e-11
1.3624e-11
1.3411e-11
1.3156e-11
1.2156e-11
1.2079e-11
1.1238e-11
1.1088e-11
1.0775e-11
1.0676e-11
1.0244e-11
9.8956e-12
9.2717e-12
8.6239e-12
8.4402e-12
7.8428e-12
7.3198e-12
6.8478e-12
6.3268e-12
5.7734e-12
5.5896e-12
4.5273e-12
4.3271e-12
4.1809e-12
3.8353e-12
3.6751e-12
3.5253e-12
3.3486e-12
3.2194e-12
2.9905e-12
2.8094e-12
2.7616e-12
2.5347e-12
2.4166e-12
2.3661e-12
2.2998e-12
2.2576e-12
2.1462e-12
2.0394e-12
2.0021e-12
1.9149e-12
1.8764e-12
1.8303e-12
1.7967e-12
1.7535e-12
1.6443e-12
1.5912e-12
1.543e-12
1.513e-12
1.4752e-12
1.4417e-12
1.4077e-12
1.3833e-12
1.3345e-12
1.2949e-12
1.2209e-12
1.2133e-12
1.165e-12
1.1483e-12
1.0981e-12
1.0671e-12
1.0553e-12
1.0397e-12
9.9965e-13
9.6514e-13
9.4781e-13
9.1466e-13
8.9031e-13
8.4269e-13
8.1612e-13
8.1079e-13
7.968e-13
7.6631e-13
7.4604e-13
7.3208e-13
7.005e-13
6.8504e-13
6.7353e-13
6.4544e-13
6.3943e-13
6.1302e-13
6.0367e-13
5.8487e-13
5.6349e-13
5.5694e-13
5.3053e-13
5.2816e-13
4.9415e-13
4.8445e-13
4.8044e-13
4.6153e-13
4.3232e-13
4.2687e-13
4.0508e-13
3.9559e-13
3.7061e-13
3.4413e-13
3.1927e-13
3.0025e-13
2.914e-13
2.6853e-13
2.6059e-13
2.53e-13
2.376e-13
2.2346e-13
2.1258e-13
1.9768e-13
1.8617e-13
1.7054e-13
1.5577e-13
1.4235e-13
1.303e-13
1.0757e-13
1.0105e-13
7.2959e-14
6.5419e-14
6.0759e-14
4.9934e-14
4.5378e-14
3.2895e-14
2.2928e-14
1.6877e-14
7.7472e-15
5.2466e-23
4.901e-23
4.6596e-23
4.5183e-23
4.4043e-23
4.3013e-23
4.1046e-23
4.0253e-23
3.9957e-23
3.9794e-23
3.9567e-23
3.9119e-23
3.8911e-23
3.795e-23
3.7108e-23
3.6533e-23
3.5954e-23
3.5565e-23
3.4976e-23
3.4816e-23
3.4304e-23
3.412e-23
3.3828e-23
3.3189e-23
3.3133e-23
3.2749e-23
3.2404e-23
3.2256e-23
3.1959e-23
3.1396e-23
3.1293e-23
3.1229e-23
3.0841e-23
3.0515e-23
3.0356e-23
2.983e-23
2.9641e-23
2.9414e-23
2.9113e-23
2.8853e-23
2.8487e-23
2.8041e-23
2.7719e-23
2.765e-23
2.7349e-23
2.7193e-23
2.6979e-23
2.6721e-23
2.6687e-23
2.6569e-23
2.6267e-23
2.6073e-23
2.5998e-23
2.5685e-23
2.5398e-23
2.4906e-23
2.4829e-23
2.4448e-23
2.4389e-23
2.422e-23
2.411e-23
2.3784e-23
2.3701e-23
2.3537e-23
2.3269e-23
2.3217e-23
2.3066e-23
2.2889e-23
2.2711e-23
2.2546e-23
2.2271e-23
2.2003e-23
2.1882e-23
2.1677e-23
2.1551e-23
2.1494e-23
2.1424e-23
2.1216e-23
2.105e-23
2.083e-23
2.0593e-23
2.0281e-23
2.0159e-23
2.0058e-23
1.9889e-23
1.9826e-23
1.9695e-23
1.962e-23
1.9546e-23
1.9434e-23
1.9175e-23
1.9048e-23
1.8626e-23
1.8483e-23
1.8433e-23
1.8382e-23
1.8282e-23
1.8238e-23
1.8031e-23
1.7933e-23
1.7781e-23
1.7539e-23
1.7482e-23
1.7373e-23
1.7254e-23
1.72e-23
1.7089e-23
1.6776e-23
1.6743e-23
1.6637e-23
1.6555e-23
1.6278e-23
1.617e-23
1.6146e-23
1.5979e-23
1.5953e-23
1.5781e-23
1.5612e-23
1.5586e-23
1.5401e-23
1.5318e-23
1.5307e-23
1.5113e-23
1.5028e-23
1.4957e-23
1.4881e-23
1.4801e-23
1.4595e-23
1.4521e-23
1.4412e-23
1.4376e-23
1.4266e-23
1.4132e-23
1.395e-23
1.3859e-23
1.3707e-23
1.3594e-23
1.3409e-23
1.3375e-23
1.323e-23
1.3115e-23
1.2996e-23
1.2941e-23
1.2882e-23
1.2792e-23
1.2717e-23
1.2585e-23
1.2478e-23
1.2443e-23
1.2381e-23
1.2268e-23
1.2159e-23
1.1996e-23
1.1919e-23
1.1893e-23
1.1781e-23
1.1721e-23
1.1703e-23
1.1545e-23
1.1515e-23
1.14e-23
1.1281e-23
1.1219e-23
1.1081e-23
1.106e-23
1.0898e-23
1.0749e-23
1.074e-23
1.059e-23
1.0466e-23
1.0416e-23
1.0375e-23
1.033e-23
1.023e-23
1.0118e-23
1.0074e-23
1.0037e-23
9.874e-24
9.8451e-24
9.7246e-24
9.7023e-24
9.6285e-24
9.458e-24
9.3903e-24
9.3474e-24
9.2513e-24
9.1947e-24
9.0755e-24
8.9573e-24
8.9002e-24
8.7993e-24
8.7657e-24
8.7011e-24
8.6313e-24
8.5598e-24
8.4931e-24
8.4813e-24
8.383e-24
8.2864e-24
8.204e-24
8.1691e-24
8.0934e-24
7.9977e-24
7.9669e-24
7.9095e-24
7.7896e-24
7.7537e-24
7.7198e-24
7.6408e-24
7.6329e-24
7.5012e-24
7.4762e-24
7.389e-24
7.3342e-24
7.2513e-24
7.2259e-24
7.1129e-24
7.0597e-24
6.9896e-24
6.9464e-24
6.9134e-24
6.8427e-24
6.826e-24
6.7563e-24
6.6832e-24
6.5711e-24
6.4874e-24
6.4349e-24
6.3349e-24
6.2595e-24
6.2055e-24
6.1476e-24
6.1103e-24
6.0651e-24
6.0164e-24
5.934e-24
5.8829e-24
5.873e-24
5.7842e-24
5.7574e-24
5.632e-24
5.5429e-24
5.5322e-24
5.4843e-24
5.3824e-24
5.3209e-24
5.2447e-24
5.2053e-24
5.0977e-24
5.0741e-24
5.023e-24
4.9734e-24
4.9392e-24
4.86e-24
4.7899e-24
4.7689e-24
4.707e-24
4.6672e-24
4.6383e-24
4.5884e-24
4.5241e-24
4.5112e-24
4.4516e-24
4.4091e-24
4.3658e-24
4.288e-24
4.2294e-24
4.2183e-24
4.1517e-24
4.0782e-24
4.0335e-24
4.006e-24
3.9908e-24
3.9354e-24
3.9182e-24
3.8651e-24
3.7674e-24
3.703e-24
3.6767e-24
3.6307e-24
3.6e-24
3.4954e-24
3.447e-24
3.4279e-24
3.3653e-24
3.3409e-24
3.288e-24
3.2657e-24
3.2357e-24
3.1964e-24
3.1447e-24
3.1131e-24
3.0567e-24
3.0186e-24
2.9743e-24
2.9445e-24
2.8609e-24
2.8251e-24
2.7759e-24
2.7696e-24
2.7401e-24
2.6844e-24
2.6124e-24
2.5875e-24
2.5468e-24
2.5373e-24
2.4961e-24
2.4825e-24
2.4607e-24
2.4193e-24
2.33e-24
2.2943e-24
2.2767e-24
2.2192e-24
2.2044e-24
2.1345e-24
2.116e-24
2.0548e-24
2.0323e-24
1.9704e-24
1.9605e-24
1.9554e-24
1.8986e-24
1.8385e-24
1.7946e-24
1.7804e-24
1.7417e-24
1.7054e-24
1.689e-24
1.6516e-24
1.6138e-24
1.5911e-24
1.5211e-24
1.5174e-24
1.502e-24
1.4832e-24
1.4716e-24
1.4563e-24
1.4081e-24
1.3718e-24
1.3486e-24
1.3313e-24
1.3098e-24
1.2953e-24
1.2374e-24
1.2088e-24
1.1855e-24
1.1466e-24
1.1131e-24
1.0842e-24
1.0427e-24
1.0395e-24
9.9142e-25
9.8105e-25
9.569e-25
9.5323e-25
9.0919e-25
8.5117e-25
8.3886e-25
8.2193e-25
8.0537e-25
8.0177e-25
7.5108e-25
7.28e-25
6.9855e-25
6.5848e-25
6.5322e-25
6.2375e-25
6.0549e-25
5.8032e-25
5.6708e-25
5.5103e-25
5.3001e-25
5.1142e-25
4.8094e-25
4.6749e-25
4.5751e-25
4.4515e-25
4.3386e-25
4.0467e-25
4.0024e-25
3.7478e-25
3.5995e-25
3.3819e-25
3.3617e-25
3.1584e-25
3.0022e-25
2.9617e-25
2.7799e-25
2.585e-25
2.4768e-25
2.3506e-25
2.3051e-25
2.2761e-25
2.1299e-25
2.094e-25
2.0306e-25
1.8668e-25
1.7876e-25
1.6225e-25
1.6038e-25
1.5843e-25
1.4844e-25
1.4711e-25
1.3496e-25
1.3047e-25
1.2414e-25
1.1139e-25
1.0897e-25
1.0215e-25
1.0078e-25
9.872e-26
9.2312e-26
9.1793e-26
8.6045e-26
8.5118e-26
7.8224e-26
7.79e-26
7.5893e-26
7.3158e-26
7.1041e-26
6.8424e-26
6.5889e-26
6.2905e-26
6.1578e-26
6.0439e-26
5.7326e-26
5.4356e-26
5.1734e-26
5.0623e-26
4.8859e-26
4.6081e-26
4.3642e-26
4.17e-26
3.8452e-26
3.7111e-26
3.6077e-26
3.4359e-26
3.3373e-26
3.1615e-26
3.1039e-26
2.8491e-26
2.7927e-26
2.6655e-26
2.4349e-26
2.3687e-26
2.2665e-26
2.1063e-26
2.04e-26
1.9979e-26
1.9245e-26
1.8012e-26
1.7295e-26
1.5992e-26
1.4229e-26
1.39e-26
1.305e-26
1.1979e-26
1.0607e-26
1.0397e-26
1.0026e-26
9.4198e-27
8.9939e-27
8.6542e-27
7.7742e-27
7.4151e-27
7.1571e-27
7.0748e-27
6.6342e-27
6.4941e-27
6.0092e-27
5.7782e-27
5.5978e-27
5.3166e-27
4.9652e-27
4.8806e-27
4.3663e-27
4.0699e-27
3.9986e-27
3.8249e-27
3.6489e-27
3.2936e-27
3.1997e-27
2.7968e-27
2.6517e-27
2.6044e-27
2.2896e-27
2.1204e-27
2.0016e-27
1.7571e-27
1.586e-27
1.4178e-27
1.3112e-27
1.1007e-27
9.6871e-28
8.4033e-28
7.5599e-28
4.7104e-28
3.4122e-28
2.8526e-28
2.4044e-28
1.803e-28
1.7315e-28
1.6736e-28
1.5581e-28
1.5049e-28
1.4457e-28
1.3539e-28
1.2541e-28
1.1344e-28
1.0245e-28
9.2634e-29
8.5586e-29
8.3296e-29
7.7396e-29
7.4993e-29
7.0799e-29
6.9003e-29
6.3733e-29
6.0897e-29
5.8508e-29
5.2148e-29
5.1376e-29
4.6159e-29
3.8987e-29
3.6144e-29
3.529e-29
3.16e-29
2.8841e-29
2.6357e-29
2.4255e-29
1.6717e-29
1.3773e-29
1.1826e-29
9.5169e-30
8.2284e-30
7.1688e-30
2.4769e-30
2.7209e-32
8.2471e-39
7.4264e-39
7.1914e-39
6.3938e-39
6.2661e-39
6.1888e-39
5.7428e-39
5.5391e-39
5.2903e-39
5.1669e-39
5.1659e-39
4.9566e-39
4.8404e-39
4.7146e-39
4.5799e-39
4.4752e-39
4.2932e-39
4.2863e-39
4.0891e-39
4.0635e-39
3.9262e-39
3.8266e-39
3.719e-39
3.6087e-39
3.5296e-39
3.4575e-39
3.4322e-39
3.2947e-39
3.2529e-39
3.1783e-39
3.1509e-39
3.0508e-39
2.9701e-39
2.9385e-39
2.8954e-39
2.8269e-39
2.7706e-39
2.6762e-39
2.6522e-39
2.6217e-39
2.608e-39
2.5028e-39
2.4259e-39
2.4061e-39
2.3499e-39
2.311e-39
2.2861e-39
2.2052e-39
2.1666e-39
2.108e-39
2.0915e-39
2.0124e-39
1.9964e-39
1.9769e-39
1.9411e-39
1.897e-39
1.858e-39
1.8437e-39
1.7444e-39
1.726e-39
1.7015e-39
1.6753e-39
1.6365e-39
1.6151e-39
1.5835e-39
1.5548e-39
1.5167e-39
1.4884e-39
1.4402e-39
1.4141e-39
1.3736e-39
1.347e-39
1.3229e-39
1.3108e-39
1.2952e-39
1.2669e-39
1.2379e-39
1.2125e-39
1.1976e-39
1.1669e-39
1.1353e-39
1.1022e-39
1.0977e-39
1.0647e-39
1.0336e-39
1.0139e-39
9.9027e-40
9.4217e-40
9.3602e-40
9.2692e-40
8.8581e-40
8.7696e-40
8.6059e-40
8.1961e-40
7.7921e-40
7.511e-40
7.2676e-40
7.06e-40
6.7995e-40
6.6647e-40
6.6334e-40
6.4537e-40
6.1061e-40
6.0831e-40
6.0015e-40
5.8446e-40
5.5525e-40
5.3718e-40
5.2084e-40
5.1255e-40
4.905e-40
4.7751e-40
4.4103e-40
4.2919e-40
4.0073e-40
3.9291e-40
3.7834e-40
3.6587e-40
3.4542e-40
3.4218e-40
3.2811e-40
3.2056e-40
3.0577e-40
3.0485e-40
2.8112e-40
2.6876e-40
2.6469e-40
2.5417e-40
2.4601e-40
2.4443e-40
2.383e-40
2.3381e-40
2.2988e-40
2.1579e-40
2.1295e-40
2.0064e-40
1.9648e-40
1.8812e-40
1.8582e-40
1.7733e-40
1.6853e-40
1.5813e-40
1.5284e-40
1.5247e-40
1.4726e-40
1.387e-40
1.3039e-40
1.2742e-40
1.2393e-40
1.1841e-40
1.1352e-40
1.1108e-40
1.0616e-40
1.0342e-40
9.2946e-41
8.7635e-41
8.4518e-41
7.866e-41
7.7786e-41
7.4606e-41
6.659e-41
6.1003e-41
5.6764e-41
5.3909e-41
5.0957e-41
4.7903e-41
4.5376e-41
4.1386e-41
3.3762e-41
3.3198e-41
2.4614e-41
1.5178e-41
1.3777e-41
1.0837e-41
9.9224e-42
8.3235e-42
7.2915e-42
7.1915e-42
5.4759e-42
4.8775e-42
4.4543e-42
4.0129e-42
3.7921e-42
3.5659e-42
3.1253e-42
3.0174e-42
2.9019e-42
2.6777e-42
2.4105e-42
2.2647e-42
2.1176e-42
2.0156e-42
1.8902e-42
1.6841e-42
1.6098e-42
1.4365e-42
1.334e-42
1.2068e-42
1.1113e-42
1.0797e-42
1.0198e-42
9.9796e-43
9.2739e-43
8.2866e-43
8.1257e-43
7.3925e-43
6.8669e-43
6.8114e-43
6.3097e-43
5.8571e-43
5.2995e-43
4.7806e-43
4.6741e-43
4.5447e-43
3.8517e-43
3.4624e-43
3.4053e-43
3.179e-43
2.7715e-43
2.5277e-43
2.2354e-43
2.0359e-43
1.7926e-43
1.4199e-43
1.177e-43
1.0007e-43
5.2383e-44
1.533e-44
2.6847e-45
3.9391e-46
3.2217e-46
2.6138e-46
1.916e-46
1.7033e-46
1.5624e-46
1.2021e-46
8.5974e-47
6.8976e-47
5.5578e-47
1.5336e-47
1.0639e-54
9.7696e-55
9.5811e-55
8.5474e-55
8.0009e-55
7.5935e-55
7.3088e-55
6.9943e-55
6.7241e-55
6.4668e-55
6.4334e-55
6.3085e-55
5.972e-55
5.5993e-55
5.2102e-55
5.1136e-55
4.8912e-55
4.8119e-55
4.6641e-55
4.3683e-55
4.1843e-55
3.9391e-55
3.78e-55
3.7423e-55
3.5998e-55
3.1146e-55
2.9828e-55
2.855e-55
2.6683e-55
2.5323e-55
2.3308e-55
2.2443e-55
2.1827e-55
2.0882e-55
1.944e-55
1.904e-55
1.8093e-55
1.7456e-55
1.6146e-55
1.5558e-55
1.4786e-55
1.4309e-55
1.3914e-55
1.3675e-55
1.2587e-55
1.2291e-55
1.1841e-55
1.1586e-55
1.0809e-55
1.0445e-55
9.9437e-56
9.4026e-56
9.0719e-56
8.1586e-56
7.6734e-56
7.4715e-56
7.256e-56
7.019e-56
6.8972e-56
6.4515e-56
5.9858e-56
5.9095e-56
5.6207e-56
5.1715e-56
5.0875e-56
4.9176e-56
4.5847e-56
4.4079e-56
4.3735e-56
4.2007e-56
3.8874e-56
3.8271e-56
3.6664e-56
3.576e-56
3.2854e-56
3.2497e-56
3.0584e-56
2.923e-56
2.8146e-56
2.7112e-56
2.5164e-56
2.3762e-56
2.2757e-56
2.1516e-56
1.9063e-56
1.7865e-56
1.6537e-56
1.5935e-56
1.4683e-56
1.3284e-56
1.2503e-56
1.1092e-56
1.0161e-56
8.3322e-57
7.6845e-57
6.4161e-57
5.1164e-57
4.4713e-57
3.8148e-57
2.4412e-57
1.5723e-57
1.1284e-57
3.3106e-58
2.0575e-58
1.8614e-58
1.6162e-58
1.4955e-58
1.2952e-58
1.2608e-58
1.135e-58
1.1217e-58
1.0588e-58
1.012e-58
8.8472e-59
7.9352e-59
7.5872e-59
6.1466e-59
5.8234e-59
5.0881e-59
4.8344e-59
4.6607e-59
4.3264e-59
4.2306e-59
3.7418e-59
3.4526e-59
2.8872e-59
2.6053e-59
2.4003e-59
2.2697e-59
1.7257e-59
1.6388e-59
1.2035e-59
1.1695e-59
9.1596e-60
7.4546e-60
5.8778e-60
4.994e-60
3.7021e-60
2.1785e-60
3.7205e-61
1.9606e-62
1.7157e-62
1.0437e-62
8.4148e-63
5.4628e-63
4.122e-63
3.8912e-63
2.295e-63
1.9492e-63
1.6181e-63
1.3592e-63
1.2533e-63
9.5363e-64
5.1809e-64
3.7304e-64
2.1421e-64
8.62e-71
7.6631e-71
5.8781e-71
5.4159e-71
3.4981e-71
2.4854e-71
1.7783e-71
1.629e-71
1.5658e-71
1.5013e-71
1.3153e-71
1.1957e-71
1.1531e-71
1.1241e-71
1.0835e-71
9.8362e-72
8.76e-72
8.4537e-72
7.9849e-72
6.888e-72
6.7352e-72
6.4054e-72
6.2099e-72
5.8835e-72
5.5642e-72
5.0022e-72
4.9202e-72
4.5677e-72
4.4275e-72
3.9179e-72
3.678e-72
3.4971e-72
3.3668e-72
3.123e-72
2.9371e-72
2.6625e-72
2.4529e-72
2.438e-72
2.2576e-72
1.9878e-72
1.8436e-72
1.5659e-72
1.5108e-72
1.4521e-72
1.3233e-72
1.0908e-72
1.0554e-72
9.3379e-73
7.6743e-73
7.0978e-73
6.2164e-73
4.9519e-73
4.0468e-73
3.7948e-73
2.7366e-73
1.9038e-73
1.2484e-73
2.9752e-74
1.781e-74
1.7441e-74
1.5605e-74
1.4894e-74
1.2636e-74
9.1537e-75
7.9692e-75
6.7892e-75
5.4181e-75
3.5232e-75
3.0773e-75
1.7308e-75
2.4505e-76
2.5916e-78
1.8587e-80
1.0437e-80
5.8845e-81
4.7481e-81
4.3438e-81
3.6263e-81
3.2029e-81
2.5696e-81
1.7955e-81
1.5994e-81
1.4119e-81
1.2695e-81
9.668e-82
7.7664e-82
3.1342e-82
4.4905e-83
2.0168e-87
1.6791e-87
1.6457e-87
1.4807e-87
1.4089e-87
1.265e-87
1.119e-87
1.0618e-87
1.0128e-87
9.6052e-88
8.5322e-88
7.8725e-88
7.638e-88
6.9938e-88
6.5474e-88
5.7361e-88
5.3673e-88
4.7759e-88
4.7415e-88
4.0067e-88
3.6598e-88
3.3266e-88
3.0247e-88
2.9947e-88
2.6565e-88
2.318e-88
2.2462e-88
2.1979e-88
1.8433e-88
1.6353e-88
1.4662e-88
1.3518e-88
1.2689e-88
1.1957e-88
1.0363e-88
9.3767e-89
9.0493e-89
7.9586e-89
7.4286e-89
6.356e-89
5.1587e-89
4.637e-89
3.8782e-89
3.2511e-89
1.5283e-89
1.1878e-89
8.9186e-90
3.8475e-90
1.1149e-90
4.6056e-91
2.9375e-91
2.5496e-103
2.1952e-103
1.9502e-103
1.8097e-103
1.5589e-103
1.2297e-103
1.0556e-103
1.0065e-103
9.044e-104
7.6901e-104
7.638e-104
7.2961e-104
6.4228e-104
5.4801e-104
5.3078e-104
4.8988e-104
4.7633e-104
4.4073e-104
3.959e-104
3.5632e-104
3.2659e-104
2.8986e-104
2.711e-104
2.3245e-104
2.0321e-104
1.8794e-104
1.7412e-104
1.5732e-104
1.4553e-104
1.3331e-104
1.1557e-104
9.5789e-105
7.8617e-105
7.5268e-105
6.2816e-105
5.5533e-105
5.4176e-105
4.2148e-105
3.9447e-105
3.1394e-105
2.9347e-105
2.5149e-105
2.1452e-105
1.9996e-105
1.3317e-105
8.3401e-106
5.4013e-106
2.9565e-119
2.6087e-119
2.413e-119
2.1589e-119
1.8923e-119
1.6432e-119
1.4789e-119
1.2785e-119
1.1573e-119
1.0932e-119
9.2947e-120
8.8692e-120
6.8627e-120
6.3401e-120
6.1019e-120
5.5082e-120
4.6682e-120
4.2526e-120
3.8966e-120
2.954e-120
2.5433e-120
2.3828e-120
2.1565e-120
1.1499e-120
6.4748e-121
1.8852e-121
3.9051e-135
3.532e-135
3.2434e-135
2.7937e-135
2.2563e-135
2.1263e-135
1.8943e-135
1.5278e-135
1.4544e-135
1.226e-135
9.4427e-136
7.4854e-136
5.493e-136
5.1956e-136
4.7373e-136
4.2274e-136
3.9589e-136
3.3418e-136
3.1321e-136
2.6902e-136
2.4109e-136
2.0186e-136
1.8683e-136
1.6664e-136
1.4581e-136
1.2426e-136
1.068e-136
7.9423e-137
6.1956e-137
3.346e-137
3.1504e-151
2.6492e-151
1.9678e-151
1.4008e-151
1.2652e-151
1.1974e-151
1.064e-151
8.9313e-152
8.12e-152
6.6719e-152
4.79e-152
4.5271e-152
3.4813e-152
3.3346e-152
2.7557e-152
2.0105e-152
1.7193e-152
1.5834e-152
1.5021e-152
1.27e-152
1.2198e-152
1.1261e-152
8.9948e-153
7.5588e-153
6.818e-153
5.3747e-153
4.4137e-153
3.8746e-153
3.6504e-153
3.4866e-153
2.2903e-153
1.2465e-153
7.4625e-168
6.1676e-168
5.7278e-168
5.0976e-168
4.0716e-168
4.0076e-168
3.5307e-168
2.8147e-168
2.6003e-168
2.4563e-168
1.9028e-168
1.5554e-168
1.458e-168
9.3754e-169
7.042e-169
5.5031e-169
4.3275e-169
2.9262e-169
7.6787e-170
6.809e-184
6.1675e-184
5.469e-184
4.8865e-184
3.5652e-184
3.4447e-184
3.1562e-184
2.6529e-184
2.0181e-184
1.8162e-184
1.5381e-184
1.189e-184
8.0389e-185
3.8451e-185
3.2715e-185
1.1558e-199
9.4506e-200
9.0708e-200
9.0561e-200
8.2077e-200
7.5403e-200
5.7469e-200
5.2066e-200
4.6464e-200
4.265e-200
2.8611e-200
2.6932e-200
2.085e-200
1.5618e-200
1.0285e-200
4.2682e-201
3.8569e-215
3.1703e-215
2.6918e-215
2.6398e-215
2.2345e-215
1.988e-215
1.8214e-215
1.6204e-215
1.2821e-215
9.5884e-216
8.348e-216
6.5686e-216
3.852e-216
2.5013e-216
1.7807e-216
5.042e-217
4.6296e-231
4.5855e-231
3.8369e-231
3.7565e-231
3.1733e-231
3.157e-231
2.6151e-231
2.3954e-231
2.0672e-231
1.6219e-231
1.5709e-231
1.3197e-231
9.6382e-232
6.2158e-232
2.4796e-232
1.4625e-232
8.8689e-247
7.6771e-247
7.275e-247
5.3425e-247
4.9645e-247
4.6101e-247
4.2219e-247
3.6511e-247
3.333e-247
3.1688e-247
2.4536e-247
1.5886e-247
1.0225e-247
9.6258e-248
5.8462e-248
3.9225e-248
1.7985e-262
1.199e-262
1.0431e-262
7.9001e-263
7.0484e-263
6.628e-263
5.3777e-263
3.3938e-263
1.9761e-263
1.1266e-263
1.2816e-264
0
0
0
0
0
0
0
0
0
0
0
0
0
0
0
0
0
0
0
0
0
0
0
0
0
0
0
0
0
0
0
0
0
0
0
0
0
0
0
0
0
0
0
0
0
0
0
0
0
0
0
0
0
0
0
0
0
0
0
0
0
0
0
0
0
0
0
0
0
0
0
0
0
0
0
0
0
0
0
0
0
0
0
0
0
0
0
0
0
0
0
0
0
0
0
0
0
0
0
0
0
0
0
0
0
0
0
0
0
0
0
0
0
0
0
0
0
0
0
0
0
0
0
0
0
0
0
0
0
0
0
0
0
0
0
0
0
0
0
0
0
0
0
0
0
0
0
0
0
0
0
0
0
0
0
0
0
0
0
0
0
0
0
0
0
0
0
