0
0
0
0
0
0
0
0
0
0
0
0
0
0
0
0
0
0
0
0
0
0
0
0
0
0
0
0
0
0
0
0
0
0
0
0
0
0
0
0
0
0
0
0
0
0
0
0
0
0
0
0
0
0
0
0
0
0
0
0
0
0
0
0
0
0
0
0
0
0
0
0
0
0
0
0
0
0
0
0
0
0
0
0
0
0
0
0
0
0
0
0
0
0
0
0
0
0
0
0
0
0
0
0
0
0
0
0
0
0
0
0
0
0
0
0
0
0
0
80.381
77.251
75.377
74.557
74.417
74.493
74.844
75.773
77.098
79.089
81.667
84.908
88.704
93.096
98.029
102.87
107.55
111.85
115.94
119.86
123.35
126.63
129.65
132.34
134.54
136.07
137.21
137.95
138.66
139.27
139.68
139.75
139.5
138.92
138.3
137.62
136.64
135.34
133.5
131
128.13
124.98
121.59
117.92
113.79
109.68
105.17
100.43
95.554
90.913
86.629
83.102
80.195
77.923
76.283
75.181
74.502
74.348
74.369
74.816
76.107
78.811
0
0
0
0
0
0
0
0
0
0
0
0
0
0
0
0
0
0
0
0
0
0
0
0
0
0
0
0
0
0
0
0
0
0
0
0
0
69.383
65.352
62.968
61.127
59.659
58.365
57.336
56.546
56.088
56.068
56.631
57.755
59.853
62.862
67.199
72.656
79.332
86.205
93.02
99.614
105.97
112.16
117.44
122.3
126.55
130.05
132.6
134.39
135.64
136.72
137.68
138.27
138.45
138.09
137.31
136.32
135.31
133.83
131.66
128.66
124.84
120.32
115.17
109.59
103.29
96.518
89.69
82.673
75.846
69.678
64.691
60.991
58.515
56.841
56.224
55.877
56.107
56.748
57.701
58.876
60.321
61.94
64.155
67.235
0
0
0
0
0
0
0
0
0
0
0
0
0
0
0
0
0
0
0
0
0
0
0
0
0
0
0
0
0
0
0
0
0
0
0
63.212
60.137
58.224
56.365
54.749
53.045
51.288
49.658
48.247
47.281
46.376
46.072
46.398
47.422
48.998
51.702
55.332
60.318
66.728
74.283
82.454
90.962
99.043
106.38
112.97
118.67
123.38
127.05
130.61
132.58
134.15
135.55
136.37
136.56
136.26
135.24
133.83
132.31
130.14
126.83
122.38
117.01
110.63
103.29
95.161
86.623
78.21
70.27
63.307
57.525
53.262
50.088
47.935
46.725
46.03
46.021
46.632
47.682
48.829
50.333
52.055
53.887
55.567
57.253
59.082
61.367
0
0
0
0
0
0
0
0
0
0
0
0
0
0
0
0
0
0
0
0
0
0
0
0
0
0
0
0
0
0
0
0
0
60.486
59.189
58.645
58.041
56.904
55.739
54.215
52.528
50.799
48.987
47.221
45.778
44.809
44.442
44.621
45.314
46.697
48.859
52.093
56.389
62.158
69.24
77.704
86.706
95.672
104.09
111.44
117.66
122.55
126.21
128.96
131.05
132.74
133.76
134.04
133.88
132.75
131.13
128.88
125.79
121.52
115.71
108.63
100.39
91.172
81.892
73.223
65.519
59.03
54.018
50.276
47.647
45.877
44.87
44.491
44.577
45.244
46.396
48.032
49.851
51.672
53.394
54.99
55.969
57.249
58.106
58.611
59.399
61.679
0
0
0
0
0
0
0
0
0
0
0
0
0
0
0
0
0
0
0
0
0
0
0
0
0
0
0
0
0
61.724
60.052
60.856
62.265
63.392
64.044
64.083
64.164
63.645
62.635
60.832
58.296
55.397
52.757
50.638
49.004
47.951
47.554
47.761
48.756
50.67
53.664
57.795
62.975
69.558
77.558
86.924
96.297
104.95
112.26
118.19
122.73
126.18
128.91
130.87
131.93
132.35
131.81
130.57
128.64
125.75
121.9
116.63
109.37
101.09
91.735
82.114
73.319
66.046
60.207
55.603
52.051
49.617
48.175
47.594
47.806
48.436
49.802
51.713
54.083
56.912
59.701
61.887
63.307
63.986
63.573
63.671
63.235
62.396
61.124
59.92
60.236
0
0
0
0
0
0
0
0
0
0
0
0
0
0
0
0
0
0
0
0
0
0
0
0
0
0
0
62.139
61.889
64.426
67.753
71.165
74.506
77.342
78.655
80.987
82.093
82.164
80.92
78.353
74.946
70.722
66.361
63.365
59.572
57.077
55.432
54.924
55.287
56.709
59.185
62.706
67.279
73.455
81.433
90.771
99.974
108.08
114.87
120.3
124.31
127.24
129.14
130.21
130.47
129.72
128.21
125.73
122.22
117.46
111.34
104
95.333
85.892
77.269
70.17
64.832
60.816
57.829
55.917
55.042
55.096
56.174
58.245
60.944
64.531
68.625
73.027
76.905
79.92
81.894
82.424
81.836
80.101
78.379
75.708
72.53
69.074
65.637
62.575
61.164
0
0
0
0
0
0
0
0
0
0
0
0
0
0
0
0
0
0
0
0
0
0
0
0
0
64.678
64.836
68.567
73.396
78.254
83.038
87.535
91.314
94.419
96.9
98.205
98.223
97.479
95.815
93.302
90.075
86.151
81.794
77.118
72.87
69.569
67.362
65.926
65.373
65.991
67.529
70.021
74.046
80.281
88.144
96.636
104.61
111.71
117.68
122.31
125.69
127.77
128.95
129.17
128.43
126.79
124.02
120.03
114.72
108.17
100.66
92.266
83.942
76.906
71.806
68.635
66.686
65.601
65.558
66.575
68.402
71.143
74.621
79.479
84.029
88.272
91.865
94.726
96.861
97.995
98.42
97.791
95.673
92.999
89.419
85.364
80.572
75.675
70.727
66.094
63.753
0
0
0
0
0
0
0
0
0
0
0
0
0
0
0
0
0
0
0
0
0
0
0
69.527
68.802
72.502
77.763
82.752
87.261
91.469
95.1
98.244
100.57
102.17
102.87
103.03
102.42
101.34
99.676
97.455
94.291
91.411
87.864
84.166
80.806
78.111
76.26
75
74.288
74.438
75.41
77.715
81.681
87.573
94.744
102.19
109.31
115.72
120.98
124.81
127.22
128.34
128.54
127.88
126.1
122.98
118.38
112.52
105.81
98.424
90.958
84.355
79.367
76.312
74.802
74.307
74.58
75.663
77.131
79.387
82.44
85.853
89.704
93.179
96.173
98.658
100.63
101.98
102.85
103.1
102.59
101.33
99.531
96.745
93.401
89.485
85.072
80.333
74.897
70.061
68.24
0
0
0
0
0
0
0
0
0
0
0
0
0
0
0
0
0
0
0
0
0
75.455
73.85
76.092
80.094
84.324
88.219
91.698
94.99
97.743
99.843
101.25
102.55
103.14
103.16
102.71
101.86
100.48
98.672
96.329
93.889
90.875
87.422
84.843
82.596
80.871
79.595
78.7
78.38
78.749
80.145
82.888
87.368
93.361
100.27
107.44
114.27
119.99
124.33
127.07
128.24
128.43
127.79
125.82
122.21
117.13
110.8
103.82
96.665
90.153
84.825
81.277
79.299
78.467
78.516
79.125
80.24
81.684
83.656
85.573
88.889
92.211
95.123
97.547
99.561
101.27
102.37
103.05
103.26
103.02
101.76
100.61
98.824
96.504
93.433
89.984
86.328
82.222
77.722
74.31
73.827
0
0
0
0
0
0
0
0
0
0
0
0
0
0
0
0
0
0
0
79.332
78.257
78.757
81.242
84.373
87.47
90.423
93.044
95.139
96.588
97.492
98.016
98.666
98.993
98.972
98.545
97.555
96.155
94.498
92.71
90.483
88.185
85.938
84.206
83.16
82.154
81.072
79.996
79.137
79.266
79.958
82.12
86.054
91.616
98.417
105.73
112.84
119.12
124.03
127.05
128.33
128.52
127.79
125.6
121.17
115.88
109.24
101.98
94.863
88.571
83.763
80.703
79.406
79.076
79.564
80.543
81.596
82.631
83.659
84.517
86.706
89.015
91.478
93.503
95.271
96.891
98.159
98.984
99.217
99.1
98.112
97.763
97.096
95.944
94.243
91.83
89.016
85.587
82.639
79.655
77.867
78.447
0
0
0
0
0
0
0
0
0
0
0
0
0
0
0
0
0
81.017
80.918
80.98
82.119
84.097
86.247
88.539
90.502
92.026
92.87
92.954
92.456
91.508
90.945
90.387
89.794
89.091
87.728
85.936
84.055
82.517
80.52
79.073
78.33
78.141
78.885
79.772
80.298
80.038
78.94
77.969
77.805
79.537
83.424
88.944
95.81
103.48
111.04
117.92
123.46
126.95
128.4
128.53
127.71
124.73
120.48
114.43
107.17
99.585
92.145
85.85
81.107
78.341
77.655
78.335
79.518
80.228
80.056
79.311
78.191
78.024
78.421
79.472
81.506
83.109
84.965
86.838
88.692
89.723
90.385
90.933
90.802
91.984
92.784
93.03
92.542
91.329
89.588
87.328
85.121
82.934
81.155
80.633
80.8
0
0
0
0
0
0
0
0
0
0
0
0
0
0
0
81.41
81.937
82.416
82.896
83.84
85.145
86.677
88.091
89.08
89.275
88.387
86.457
83.617
81.571
79.796
78.206
76.916
75.969
74.886
73.249
72.123
69.866
68.38
67.981
68.545
69.888
71.886
73.952
76.189
77.989
78.223
77.186
75.879
76.392
79.727
85.303
92.482
100.62
108.8
116.39
122.52
126.48
128.11
128.3
127
124.3
119.43
112.59
104.66
96.403
88.627
82.182
77.635
75.818
76.307
77.746
78.235
77.137
74.972
72.852
70.954
69.099
67.981
67.605
68.447
70.374
72.075
74.717
75.94
76.82
77.813
79.174
80.242
82.776
85.302
87.542
88.976
89.299
88.642
87.356
85.806
84.333
83.146
82.44
82.012
81.546
80.565
0
0
0
0
0
0
0
0
0
0
0
78.405
80.783
82.22
82.957
83.722
84.003
84.439
85.023
85.796
86.174
85.866
84.234
80.819
76.753
72.836
69.616
66.867
64.287
62.009
59.478
55.702
52.046
49.288
49.367
51.57
54.72
58.307
61.768
65.085
67.831
70.305
73.318
75.755
76.095
74.859
74.38
76.532
81.796
88.967
97.543
106.31
114.5
121.35
125.89
127.4
127.83
126.67
123.52
117.82
110.37
101.84
93.063
84.958
78.904
75.088
74.327
75.415
76.132
74.706
71.782
68.997
66.664
63.358
59.744
56.208
52.855
50.263
48.933
50.636
54.096
58.177
61.626
63.734
66.046
68.502
71.271
74.899
78.855
82.782
85.192
86.164
86.059
85.375
84.619
84.012
83.699
83.218
82.461
81.368
79.405
0
0
0
0
0
0
0
0
0
75.779
79.604
81.748
82.95
83.771
84.454
84.691
84.487
84.295
84.168
83.707
81.854
77.607
71.621
66.483
61.964
57.964
53.195
47.373
40.593
33.742
28.515
25.026
22.942
23.92
27.521
33.081
41.85
51.034
58.374
63.814
67.281
69.724
72.562
74.405
74.229
73.644
75.159
79.598
86.272
94.625
103.82
112.73
120.23
124.84
126.99
127.35
126.31
122.81
116.41
108.16
99.027
90.174
82.719
77.118
74.148
73.817
74.432
73.71
71.146
68.479
65.763
61.121
55.04
47.039
38.096
30.13
25.884
23.002
23.926
26.507
30.286
36.749
44.047
50.772
56.171
60.052
64.407
68.91
74.851
80.146
83.19
84.133
84.258
84.31
84.512
84.581
84.085
83.298
82.245
80.618
77.678
0
0
0
0
0
0
0
70.76
77.31
80.698
82.672
83.85
84.709
85.185
85.018
84.274
83.194
81.916
80.054
76.136
69.788
63.254
57.659
50.673
43.713
36.403
30.195
25.302
22.716
24.267
23.96
17.233
20.332
27.876
27.483
30.83
38.609
47.203
56.627
64.511
69.156
71.834
73.725
74.628
74.715
75.513
78.85
84.737
92.657
102.19
112.05
120.19
125.84
128.3
128.57
127.44
123.62
116.4
106.89
97.104
88.29
81.495
76.937
74.927
74.762
74.396
72.849
70.671
67.29
60.591
52.486
43.826
35.641
28.782
28.376
24.955
17.112
20.307
25.259
22.641
23.208
27.046
32.509
39.805
47.367
54.549
60.541
66.47
73.331
78.687
81.397
82.709
83.82
84.638
85.209
84.981
84.336
83.167
81.705
79.009
74.285
0
0
0
0
0
62.141
73.101
78.92
81.678
83.365
84.414
85.287
85.685
85.354
83.938
81.908
79.359
76.056
70.734
63.335
55.594
46.017
36.823
30.056
28.928
30.391
30.039
29.356
36.518
38.829
18.193
24.232
44.345
39.31
42.211
48.813
45.918
46.713
55.373
65.731
73.039
75.999
77.153
77.499
77.594
79.222
83.859
92.171
102.79
112.99
121.84
127.9
130.49
130.73
129.39
125.17
117.34
107.37
96.945
87.54
81.037
78.085
77.486
77.429
76.659
74.737
69.997
60.783
51.239
46.008
47.449
46.552
39.212
43.254
36.294
17.353
27.182
41.444
30.901
28.922
30.994
29.667
28.147
33.188
40.977
51.252
59.665
67.336
74.024
78.288
80.967
83.127
84.804
85.777
85.593
84.894
83.841
82.515
80.369
76.424
68.094
0
0
0
51.815
64.683
74.73
79.943
82.68
84.284
85.152
85.914
86.265
85.846
83.776
81.001
77.383
72.717
66.085
56.919
45.876
34.767
30.119
32.718
40.737
45.545
40.163
32.933
33.288
31.03
19.439
23.936
35.715
36.835
49.38
67.106
63.763
51.962
49.847
55.801
68.172
77.455
80.931
81.107
80.216
80.293
83.834
92.991
103.56
113.66
122.63
128.74
131.25
131.56
130.22
125.97
118.11
108.25
98.321
87.57
81.313
79.599
80.057
81.099
79.399
73.28
61.847
52.222
49.435
57.381
67.007
60.603
41.16
36.223
31.595
18.593
24.407
33.379
32.556
34.964
44.166
44.682
36.598
30.933
31.293
40.048
51.946
62.157
70.192
75.684
79.613
82.774
85.154
86.545
86.255
85.666
84.795
83.568
81.484
77.762
70.407
57.823
0
0
54.424
66.851
76.283
81.198
83.921
85.466
86.464
87.127
87.343
86.804
84.607
81.485
77.194
71.711
64.779
56.076
46.871
41.586
43.135
48.089
53.242
55.847
48.164
36.549
31.105
30.087
28.888
30.678
33.251
39.921
56.979
70.675
70.306
63.329
57.268
56.298
62.005
73.46
82.276
84.322
82.59
81.331
84.546
93.245
104.04
113.69
122.13
127.97
130.59
131
129.56
125.37
117.96
108.47
98.588
88.16
82.119
81.547
83.482
83.865
78.654
67.829
58.228
56.021
59.993
67.027
71.739
65.216
47.522
35.789
31.994
29.375
29.608
30.313
32.577
41.788
53.64
56.239
51.439
45.337
41.718
43.166
51.203
60.854
68.913
75.08
79.831
83.564
86.163
87.541
87.521
86.968
86.11
84.807
82.724
79.144
72.37
60.465
0
0
56.614
69.132
78.041
82.565
85.245
86.995
88.274
89.133
89.329
88.83
86.85
84.072
80.172
75.736
70.987
65.873
62.021
61.614
62.381
63.033
63.338
62.25
57.233
48.237
40.956
36.59
36.291
37.377
42.4
53.877
66.539
71.665
71.781
70.964
71.055
71.822
71.707
76.075
83.238
85.491
83.487
82.217
85.535
93.988
103.83
113.36
121.25
126.93
129.68
130.11
128.64
124.45
117.24
108.12
98.992
89.236
83.042
82.357
84.544
85.061
80.007
73.192
71.167
71.398
71.092
71.562
72.107
69.754
60.701
47.453
39.287
36.552
36.082
37.47
43.366
53.756
61.208
63.038
63.032
62.506
61.867
61.42
63.479
68.417
73.596
78.206
82.435
85.836
88.229
89.471
89.516
88.869
87.763
86.17
84.05
80.604
74.448
62.829
0
0
58.59
71.159
79.638
84.065
86.752
88.792
90.22
91.288
91.791
91.508
89.978
87.69
84.737
81.923
79.54
77.646
76.254
75.46
75.61
76.094
75.629
74.283
72.073
68.324
63.452
59.686
58.15
60.941
67.672
75.061
80.112
83.311
85.498
86.391
86.519
86.597
85.849
84.82
84.847
84.472
82.973
82.988
86.893
95.182
104.43
113.43
121.19
126.9
129.67
130.13
128.64
124.35
117.11
108.46
99.695
90.601
84.24
82.59
83.778
84.886
84.502
84.847
86.003
86.405
86.32
85.991
84.501
81.779
77.82
71.297
63.877
59.022
58.418
61.375
65.725
70.357
73.182
74.897
75.892
75.824
75.34
75.65
76.837
78.561
80.658
83.296
86.292
89.046
91.011
91.944
91.797
90.872
89.62
87.829
85.506
82.145
76.172
64.921
0
0
60.443
73.057
81.244
85.625
88.458
90.734
92.289
93.482
94.356
94.443
93.235
91.555
89.666
88.059
87.15
86.473
85.77
85.137
85.108
85.539
85.917
85.759
85.304
84.768
84.162
83.592
83.745
84.712
86.202
89.353
91.312
92.7
93.227
92.773
91.876
90.606
89.045
86.781
84.88
83.974
83.696
84.885
89.483
97.026
105.74
114.22
121.72
127.1
129.78
130.24
128.8
124.67
117.7
109.49
100.92
92.827
86.483
84.05
83.867
84.42
85.556
87.768
89.757
91.125
92.212
92.973
92.994
92.039
90.321
86.552
84.821
83.855
83.408
83.691
84.314
84.905
85.455
85.849
85.785
85.318
85.035
85.415
86.109
86.763
87.47
88.739
90.543
92.455
93.967
94.741
94.13
92.957
91.603
89.622
87.11
83.705
77.923
66.952
0
0
62.409
74.964
82.855
87.141
89.998
92.34
94.201
95.737
96.914
97.34
96.547
95.573
94.634
93.804
93.264
92.821
92.347
91.787
91.844
92.443
93.337
93.853
94.174
94.152
93.851
93.438
93.416
93.855
94.462
94.906
95.165
94.577
93.64
92.537
91.294
89.675
88.065
86.455
85.784
85.754
86.204
87.775
92.397
99.411
107.09
115
122.15
127.26
129.81
130.27
128.79
124.85
118.35
110.52
102.85
95.598
89.599
86.623
85.978
85.867
86.081
87.184
88.846
90.542
92.002
93.138
94.156
94.938
94.703
94.621
94.153
93.588
93.311
93.525
93.956
94.17
93.995
93.643
92.953
92.121
91.726
92.085
92.599
93.024
93.476
94.154
95.01
96.017
97.025
97.356
96.506
95.073
93.259
91.145
88.573
85.226
79.625
69.064
0
0
64.348
76.527
84.205
88.442
91.382
93.797
95.887
97.71
99.126
99.852
99.73
99.401
99.118
98.704
98.408
98.031
97.47
96.833
96.71
97.113
97.816
98.658
99.289
99.695
99.743
99.613
99.281
98.805
98.22
97.361
96.534
95.479
94.458
93.463
92.141
90.637
89.516
89.211
89.362
89.459
89.505
91.219
95.334
101.41
108.42
115.86
122.51
127.46
130
130.4
128.84
125.09
119.03
111.71
104.43
98.144
92.79
89.913
89.377
89.515
89.299
89.306
90.13
91.442
92.923
94.081
95.008
96.221
96.974
97.753
98.56
99.049
99.486
99.679
99.724
99.542
99.032
98.263
97.484
96.897
96.733
97.152
97.809
98.23
98.526
98.882
99.182
99.496
99.855
99.612
98.539
96.891
94.823
92.577
89.898
86.493
81.009
70.92
0
0
65.904
77.847
85.325
89.519
92.494
95.067
97.449
99.479
101.17
102.24
102.74
102.95
103.15
103.28
103.2
102.88
102.37
101.74
101.32
101.15
101.33
101.6
101.88
101.97
101.92
101.56
100.9
100.17
99.529
98.963
98.506
97.986
97.364
96.025
94.951
94.049
93.883
94.002
93.829
93.3
93.093
94.441
97.979
103.16
109.6
116.59
123.01
127.83
130.45
130.67
129.08
125.38
119.63
112.68
105.9
100.35
95.872
93.503
92.995
93.579
93.993
93.993
93.925
94.503
95.533
97.128
97.834
98.402
98.853
99.292
99.893
100.56
101.28
101.76
101.98
101.97
101.77
101.46
101.26
101.26
101.53
102.05
102.67
103.07
103.24
103.22
103.02
102.71
102.53
101.77
100.39
98.545
96.197
93.719
90.985
87.515
82.188
72.376
0
0
67.321
79.124
86.29
90.481
93.523
96.293
98.843
101.05
103.02
104.47
105.49
106.21
106.79
107.29
107.57
107.54
107.32
106.92
106.37
105.94
105.51
105.13
104.74
104.36
104.01
103.58
103.05
102.69
102.39
102.18
101.8
101.21
100.4
99.777
99.227
99.068
99.237
98.768
97.619
96.617
96.336
97.368
100.21
104.69
110.69
117.21
123.4
128.15
130.77
131.12
129.31
125.62
120.13
113.55
107.29
102.14
98.578
96.673
96.263
97.032
98.232
99.11
99.206
99.133
99.814
100.16
100.92
101.69
102.12
102.41
102.59
102.91
103.36
103.85
104.22
104.58
104.96
105.34
105.76
106.22
106.65
107.17
107.43
107.58
107.44
107.04
106.51
105.83
104.97
103.77
102.09
99.972
97.516
94.862
91.95
88.498
83.243
73.723
0
0
68.534
80.073
87.152
91.385
94.573
97.37
100.04
102.45
104.78
106.56
108.08
109.39
110.22
111
111.46
111.7
111.71
111.75
111.56
111.27
110.87
110.37
109.83
109.39
108.92
108.41
107.81
107.23
106.64
105.99
105.32
104.59
104.13
104.12
104.31
104.46
103.85
102.18
100.2
98.871
98.869
99.712
101.72
105.82
111.54
117.79
123.9
128.59
131.28
131.77
129.98
126.07
120.64
114.34
108.24
103.4
100.51
99.144
98.714
99.401
101.18
103.11
104.28
104.47
104.26
104.17
104.36
104.99
105.7
106.34
106.97
107.49
108.11
108.65
109.13
109.6
110.08
110.64
111.07
111.44
111.69
111.79
111.72
111.59
111.21
110.63
109.81
108.72
107.31
105.65
103.6
101.22
98.657
95.933
92.926
89.333
84.069
74.799
62.311
0
69.677
80.961
87.953
92.172
95.438
98.387
101.17
103.7
106.35
108.64
110.62
112.18
113.48
114.39
115.08
115.66
115.85
115.89
115.76
115.59
115.37
115.04
114.58
114.05
113.46
112.7
111.88
111.04
110.28
109.53
109
108.82
109.14
109.68
109.77
108.69
106.51
104.16
101.96
100.93
100.94
101.29
102.72
106.67
112.17
118.47
124.51
129.11
131.87
132.38
130.57
126.77
121.25
115.04
108.98
104.34
101.7
101.07
100.82
101.32
102.96
105.23
107.56
109.26
109.8
109.46
108.96
108.87
109.27
109.91
110.64
111.43
112.24
113.05
113.72
114.28
114.82
115.2
115.5
115.67
115.86
115.9
115.76
115.41
114.73
113.98
112.85
111.38
109.62
107.53
105
102.36
99.699
96.868
93.727
90.144
84.893
75.812
63.592
0
70.68
81.74
88.596
92.87
96.204
99.306
102.17
104.91
107.72
110.34
112.77
114.73
116.3
117.48
118.4
119.12
119.4
119.56
119.46
119.23
118.86
118.47
117.96
117.45
116.76
115.97
115.15
114.41
113.68
113.26
113.22
113.7
114.34
114.4
113.28
111.03
108.28
105.64
103.7
102.88
102.34
101.72
103.29
107.39
112.94
119.19
125.13
129.73
132.43
132.9
131.18
127.45
122.04
115.81
109.84
104.99
102.22
101.96
102.63
103.2
104.62
106.94
109.61
112.2
113.91
114.41
114.06
113.45
113.25
113.48
114.05
114.78
115.55
116.37
117.09
117.71
118.22
118.7
119.09
119.37
119.53
119.49
119.26
118.79
117.96
116.92
115.55
113.75
111.56
109.02
106.25
103.53
100.6
97.634
94.442
90.793
85.553
76.648
64.612
0
71.558
82.312
89.094
93.408
96.816
99.856
103
106.13
109.08
111.83
114.45
116.74
118.65
120.26
121.47
122.15
122.55
122.7
122.6
122.29
121.86
121.29
120.65
119.83
119.17
118.53
117.94
117.41
117.21
117.4
117.85
118.25
118.27
117.47
115.5
112.73
109.82
107.2
105.53
104.14
102.76
101.88
103.9
108.29
113.86
120.19
126.03
130.45
133.02
133.52
131.88
128.35
123.09
116.84
110.79
105.81
102.57
102.11
103.43
104.86
106.32
108.45
111.32
114.21
116.6
117.97
118.32
118.08
117.65
117.27
117.28
117.67
118.23
118.85
119.51
120.2
121.02
121.56
122.09
122.46
122.66
122.64
122.38
121.82
120.9
119.5
117.71
115.6
113.13
110.44
107.57
104.54
101.38
98.15
95.02
91.285
86.045
77.314
65.593
0
72.165
82.748
89.43
93.803
97.231
100.5
103.72
106.96
110.09
113.13
115.87
118.37
120.53
122.49
123.95
124.95
125.66
125.94
125.9
125.51
124.93
124.3
123.61
122.92
122.24
121.73
121.38
121.18
121.25
121.54
121.78
121.89
121.38
119.84
117.44
114.32
111.06
108.53
106.52
104.21
102.04
101.7
104.67
109.48
115.22
121.51
127.15
131.34
133.72
134.22
132.71
129.37
124.36
118.25
112.14
106.84
102.82
101.55
102.97
105.4
107.58
109.76
112.73
116.01
118.82
120.75
121.76
121.9
121.69
121.4
121.18
121.26
121.54
121.96
122.56
123.27
123.95
124.63
125.23
125.73
125.95
125.85
125.34
124.52
123.27
121.57
119.42
117.11
114.49
111.54
108.49
105.3
102.04
98.847
95.362
91.619
86.38
77.792
66.266
0
72.533
82.997
89.33
93.901
97.549
100.97
104.26
107.61
110.86
113.91
116.88
119.66
122.12
124.24
126.07
127.37
128.21
128.72
128.87
128.58
128.1
127.49
126.81
126.13
125.57
125.19
125.01
124.98
125.21
125.43
125.43
124.98
123.81
121.79
118.87
115.36
111.85
108.76
105.89
103
101.22
101.72
105.54
110.79
116.85
123.09
128.54
132.5
134.76
135.21
133.81
130.66
125.91
119.95
113.69
107.99
103.25
101.16
101.73
104.35
107.31
110.25
113.62
117.26
120.5
123.01
124.6
125.31
125.5
125.34
125.08
124.97
125.07
125.34
125.83
126.45
127.11
127.82
128.34
128.77
128.85
128.49
127.82
126.78
125.16
123.17
120.85
118.28
115.32
112.34
109.2
105.89
102.56
99.21
95.702
91.712
86.181
78.026
66.768
0
72.771
82.735
89.573
94.131
97.787
101.16
104.51
107.94
111.27
114.5
117.51
120.45
123.16
125.52
127.53
129.14
130.33
131.02
131.34
131.23
130.79
130.21
129.65
129.17
128.76
128.5
128.44
128.56
128.69
128.6
128.25
127.35
125.73
123.18
119.69
115.71
111.54
107.47
103.71
100.93
100.43
102.69
106.14
112.03
118.55
124.94
130.3
134.11
136.19
136.62
135.32
132.39
127.74
121.74
115.2
108.73
104.04
101
100.18
102
105.44
109.41
113.6
117.77
121.58
124.63
126.7
127.92
128.48
128.68
128.64
128.48
128.44
128.6
128.97
129.37
129.89
130.49
131.01
131.31
131.2
130.71
129.76
128.36
126.53
124.35
121.81
118.93
115.94
112.85
109.56
106.17
102.76
99.402
95.974
91.981
86.483
77.721
67.09
0
72.437
82.816
89.565
94.186
97.835
101.21
104.62
108.04
111.41
114.68
117.82
120.85
123.68
126.27
128.42
130.27
131.71
132.57
133.05
133.15
132.98
132.66
132.3
132
131.73
131.63
131.54
131.51
131.46
131.2
130.54
129.23
127.12
123.99
119.89
114.96
109.49
104.11
100.17
98.649
99.967
103.29
107.92
113.68
120.49
127
132.4
136.07
137.86
138.16
137.14
134.46
129.83
123.79
116.89
110.47
105.02
100.99
98.759
98.89
101.78
106.59
112.2
117.51
122.03
125.71
128.3
130
130.96
131.36
131.48
131.47
131.55
131.61
131.8
132.1
132.42
132.8
133.06
133.13
132.84
132.19
131.03
129.34
127.35
124.97
122.24
119.28
116.19
113.01
109.67
106.26
102.86
99.44
96.02
92.001
86.506
77.92
66.69
0
72.658
82.542
89.272
93.964
97.671
101.1
104.52
107.93
111.29
114.6
117.8
120.85
123.79
126.61
129.02
130.99
132.63
133.76
134.52
134.85
134.8
134.59
134.38
134.32
134.26
134.21
134.07
133.89
133.58
132.96
131.9
130.15
127.38
123.5
118.27
111.67
104.64
99.232
97.001
97.723
100.38
104.63
109.79
116.14
122.69
129.38
134.82
138.2
139.63
139.81
139.1
136.77
132.31
125.93
119.25
112.59
106.68
101.9
98.761
96.868
97.542
101.54
108.04
115.11
121.09
125.72
128.97
131.16
132.53
133.36
133.73
134.01
134.12
134.2
134.26
134.32
134.42
134.69
134.84
134.72
134.18
133.24
131.86
129.96
127.83
125.2
122.27
119.28
116.12
112.88
109.53
106.18
102.73
99.302
95.834
91.745
86.247
77.694
67.348
0
72.43
82.127
88.952
93.685
97.422
100.86
104.23
107.58
110.9
114.15
117.39
120.58
123.56
126.35
128.97
131.09
132.93
134.45
135.55
136.15
136.44
136.4
136.36
136.38
136.31
136.24
136.03
135.64
134.96
133.94
132.31
129.79
126.07
120.85
114
105.9
98.97
96.053
96.942
99.432
102.56
106.98
112.11
118.5
125.1
131.92
137.33
140.37
141.34
141.47
141.02
139.16
134.73
128.63
121.77
115
109.1
104.31
100.6
98.016
95.959
96.88
101.98
110
117.71
123.76
128.15
131.24
133.27
134.56
135.34
135.88
136.14
136.25
136.35
136.35
136.33
136.4
136.3
135.9
135.05
133.7
132.03
130.02
127.68
124.89
122.04
118.91
115.69
112.46
109.18
105.84
102.48
99.065
95.562
91.437
85.883
77.283
67.511
0
71.969
81.497
88.501
93.282
97.071
100.55
103.87
107.19
110.45
113.7
116.88
120.03
123.12
126.04
128.7
131.04
133.11
134.91
136.31
137.25
137.8
138
138.1
138.11
137.99
137.78
137.31
136.68
135.57
133.94
131.46
128.02
122.98
116.18
107.64
99.278
95.534
97.256
100.75
103.67
106.28
109.96
114.61
120.78
127.93
134.75
140.21
142.74
143.05
143.04
143.02
141.72
137.83
131.44
124.21
117.41
111.88
107.81
104.76
102.1
98.9
95.758
96.575
103.14
112.17
119.91
125.81
130
132.92
134.91
136.18
137.08
137.58
137.9
138.04
138.08
138.01
137.9
137.52
136.8
135.64
134.01
132.07
129.86
127.35
124.56
121.52
118.38
115.22
111.99
108.73
105.46
102.16
98.766
95.202
91.021
85.31
76.702
67.399
0
71.518
80.801
87.912
92.8
96.638
100.09
103.44
106.62
109.85
113.05
116.25
119.41
122.46
125.51
128.25
130.78
132.98
134.98
136.6
137.85
138.67
139.09
139.26
139.24
139.1
138.71
137.96
136.77
135.09
132.69
129.38
124.77
118.43
109.88
100.21
94.207
96.26
101.9
106.16
108.56
110.2
112.71
116.61
122.58
130.19
138.16
143.6
145.39
144.81
144.56
145.12
145.02
141.49
134.36
126.29
119.35
114.37
111.29
109.43
107.64
104.46
99.036
94.258
96.243
105.03
114.46
121.92
127.35
131.31
134.06
136.03
137.46
138.42
138.92
139.19
139.21
139.16
138.87
138.27
137.25
135.82
133.98
131.83
129.51
126.83
123.93
120.86
117.81
114.54
111.38
108.13
104.96
101.71
98.332
94.745
90.499
84.67
76.051
0
0
70.999
80.032
87.221
92.145
96.035
99.524
102.84
106.03
109.2
112.35
115.56
118.72
121.84
124.84
127.74
130.35
132.8
134.99
136.8
138.19
139.14
139.65
139.87
139.79
139.42
138.79
137.64
135.97
133.58
130.29
125.97
120.3
112.7
102.84
93.433
92.504
99.864
106.87
110.4
111.99
112.77
113.96
117.09
122.59
130.54
139.52
145.96
146.72
145.62
145.16
146.24
147.05
143.65
135.43
126.52
119.63
115.34
113.38
112.69
111.77
109.44
103.6
95.779
91.527
97.555
108.08
116.85
123.48
128.42
132.16
134.97
136.95
138.29
139.14
139.62
139.85
139.74
139.41
138.68
137.5
135.95
133.85
131.56
129
126.27
123.28
120.23
117.06
113.86
110.69
107.54
104.38
101.11
97.743
94.123
89.818
83.922
75.242
0
0
70.527
79.2
86.475
91.456
95.411
98.882
102.17
105.35
108.41
111.52
114.75
117.87
120.99
124.05
127.1
129.87
132.39
134.74
136.6
138.17
139.13
139.7
139.89
139.62
139.06
138.03
136.36
134.01
130.85
126.81
121.66
115.21
106.78
96.184
88.778
93.487
103.82
109.44
111.85
112.67
112.67
112.78
114.85
119.31
126.48
135.15
141.74
143.35
141.66
142.02
142.92
143.15
139.22
131.1
122.73
116.88
113.85
112.99
113.29
113.11
111.65
107.94
98.645
89.752
91.279
101.58
111.34
118.75
124.54
129.09
132.67
135.39
137.33
138.63
139.37
139.77
139.83
139.44
138.64
137.4
135.64
133.54
131.08
128.44
125.54
122.44
119.36
116.24
113.02
109.86
106.81
103.72
100.47
97.115
93.475
89.112
83.115
74.47
0
0
70.074
78.327
85.663
90.741
94.676
98.165
101.39
104.52
107.59
110.64
113.75
116.88
120.04
123.16
126.14
128.99
131.64
134.03
136.06
137.63
138.59
139.15
139.25
138.88
137.94
136.49
134.46
131.54
127.7
122.94
117.23
110.24
101.65
91.799
87.38
95.491
105.21
108.76
109.41
108.9
108.07
107.35
108.78
112.2
118.1
125.37
131.29
134.01
134.38
134.31
134.27
132.94
128.64
121.7
114.82
110.32
108.32
108.32
109.45
110.2
110.12
108.18
101.9
90.075
88.296
96.874
106.22
114.01
120.35
125.62
129.91
133.27
135.66
137.37
138.48
139.11
139.22
138.9
138.16
136.85
135.02
132.83
130.29
127.5
124.6
121.53
118.36
115.24
112.08
109.03
106
102.9
99.723
96.382
92.766
88.368
82.242
73.658
0
0
0
77.397
84.782
89.946
93.947
97.363
100.58
103.65
106.64
109.57
112.62
115.75
118.9
121.99
125.01
127.89
130.49
132.94
135.01
136.61
137.57
138.07
138.07
137.49
136.38
134.58
132.06
128.71
124.11
119.03
113.04
106.05
98.103
90.613
88.463
96.094
103.52
104.74
102.05
98.266
95.226
94.198
97.132
101.86
107.95
114.54
120.21
123.72
124.92
125.11
124.54
122.16
117.5
111.14
104.78
99.705
96.356
95.511
97.646
101.07
104.28
104.63
101.11
91.563
88.334
93.743
101.99
109.69
116.31
121.87
126.83
130.71
133.55
135.66
137.09
137.88
138.14
137.87
137.11
135.86
133.97
131.7
129.2
126.41
123.45
120.37
117.25
114.09
111
108.02
105.06
102.08
98.927
95.637
91.971
87.524
81.292
72.79
0
0
0
76.372
83.926
89.119
93.112
96.589
99.729
102.69
105.64
108.51
111.45
114.52
117.58
120.64
123.62
126.46
129.13
131.49
133.52
135.11
136.09
136.57
136.5
135.71
134.12
132.1
129.3
125.64
121.09
115.72
109.59
103.11
96.927
92.395
91.19
94.51
99.719
98.141
90.579
80.117
72.277
70.06
75.355
85.265
95.669
104.04
110.38
114.19
115.55
115.84
115.15
112.58
107.44
100.15
91.073
80.922
72.66
70.688
75.608
85.224
94.745
99.867
97.913
91.803
91.434
94.002
99.615
106.23
112.8
118.71
123.71
127.81
131
133.4
135.2
136.27
136.63
136.39
135.66
134.38
132.54
130.31
127.76
125
122.1
119
115.98
112.88
109.89
107
104.1
101.15
98.116
94.844
91.143
86.674
80.296
71.906
0
0
0
75.291
82.963
88.317
92.292
95.688
98.785
101.69
104.58
107.38
110.24
113.17
116.15
119.13
122.05
124.87
127.5
129.83
131.81
133.32
134.01
134.53
134.44
133.69
132.24
129.99
126.9
122.98
118.35
113
107.28
102.09
98.144
96.655
94.359
92.695
94.069
90.868
79.494
62.844
48.945
43.232
46.963
60.101
76.769
90.909
100.1
104.61
105.88
106.26
105.6
102.83
96.03
84.385
69.787
52.846
43.388
45.308
53.551
69.327
85.025
92.95
93.075
92.405
94.768
96.611
99.593
104.35
110.13
115.86
121
125.26
128.76
131.4
133.22
134.27
134.67
134.39
133.88
132.64
130.85
128.68
126.19
123.44
120.53
117.6
114.56
111.6
108.74
105.9
103.09
100.17
97.223
93.977
90.357
85.763
79.27
71.008
0
0
0
74.188
81.941
87.4
91.419
94.782
97.821
100.67
103.44
106.23
108.95
111.77
114.62
117.49
120.39
123.13
125.49
127.84
129.82
131.31
132.28
132.76
132.61
131.73
130.16
127.8
124.71
120.73
116.14
111.24
106.55
102.93
100.86
100.26
97.807
92.926
88.687
85.339
76.176
62.829
51.213
45.805
45.73
51.662
63.619
77.415
88.635
94.571
95.745
96.139
95.647
92.243
83.385
70.275
56.601
47.445
45.055
47.172
54.6
67.707
80.572
87.448
89.717
94.524
98.656
100.16
101.47
104.3
108.73
113.78
118.66
123.02
126.57
129.29
131.19
132.39
132.91
132.67
131.9
130.67
128.9
126.69
124.4
121.72
118.89
115.99
113.1
110.28
107.49
104.78
101.99
99.21
96.282
93.101
89.436
84.825
78.173
70.127
0
0
0
73.045
80.885
86.502
90.506
93.799
96.817
99.597
102.34
104.99
107.61
110.28
112.98
115.78
118.54
121.18
123.66
125.96
127.9
129.39
130.39
130.82
130.69
129.77
128.11
125.71
122.62
118.9
114.74
110.58
107.11
105.06
104.17
103.65
101.46
96.294
88.348
82.707
78.985
75.904
73.923
70.085
71.042
73.073
73.991
75.691
80.653
85.366
86.046
86.268
86.196
83.342
77.566
74.022
73.701
71.566
68.839
71.56
74.36
77.452
81.26
84.628
91.391
98.644
102.56
103.82
104.34
105.67
108.55
112.58
116.96
120.99
124.42
127.19
129.19
130.47
130.97
130.74
130.02
128.74
127
124.84
122.45
119.87
117.11
114.33
111.56
108.87
106.21
103.6
100.93
98.166
95.296
92.146
88.54
83.857
76.981
0
0
0
0
71.952
79.797
85.583
89.62
92.848
95.775
98.53
101.14
103.72
106.23
108.78
111.35
114.05
116.77
119.35
121.75
123.99
125.89
127.36
128.38
128.84
128.61
127.69
126.02
123.74
120.86
117.47
113.93
110.86
108.69
107.71
107.4
106.78
105.3
102.01
95.786
87.827
82.628
82.752
86.075
86.09
87.759
88.057
85.915
81.762
79.154
79.531
79.185
78.969
79.54
79.159
80.139
83.582
87.069
84.165
86.312
87.235
85.312
83.256
84.755
91.141
99.101
103.98
106.32
107.17
107.41
107.88
109.48
112.23
115.7
119.33
122.53
125.12
127.1
128.37
128.92
128.78
128
126.72
125.01
122.92
120.56
118.07
115.39
112.66
109.99
107.47
104.9
102.38
99.803
97.126
94.294
91.241
87.688
82.882
75.748
0
0
0
0
70.89
78.638
84.6
88.696
91.952
94.775
97.416
99.985
102.42
104.87
107.31
109.76
112.33
114.94
117.45
119.8
121.93
123.78
125.23
126.15
126.61
126.43
125.58
124.01
121.89
119.27
116.38
113.62
111.57
110.51
110.32
109.58
109.36
108.53
107.12
104.96
100.65
95.218
91.501
91.01
92.23
92.767
92.801
91.725
88.933
85.047
81.854
79.745
78.914
80.999
83.243
86.862
90.399
92.333
91.995
92.544
91.906
91.073
92.658
96.832
102.96
106.61
108.37
109.38
109.85
110.21
110.28
110.8
112.37
114.9
117.9
120.74
123.15
125.02
126.24
126.71
126.54
125.81
124.59
122.92
120.91
118.64
116.18
113.59
111
108.46
106.02
103.58
101.15
98.688
96.054
93.347
90.34
86.711
81.809
74.491
0
0
0
0
70.063
77.488
83.592
87.763
91.032
93.785
96.378
98.843
101.2
103.5
105.84
108.17
110.6
113.07
115.52
117.76
119.8
121.62
123.01
123.89
124.32
124.14
123.3
121.92
120.06
117.83
115.51
113.61
112.42
112.09
112.08
111.17
110.94
110.34
109.31
107.62
105.11
101.89
98.691
95.94
94.883
95.269
95.932
96.611
96.747
95.728
93.203
90.588
89.923
91.672
94.504
96.408
96.723
96.239
95.597
94.997
95.089
96.888
100.24
103.38
106.24
108.65
110.17
111.05
111.48
111.91
112.07
112.1
112.8
114.42
116.66
119.05
121.17
122.8
123.93
124.41
124.23
123.57
122.41
120.76
118.83
116.66
114.29
111.79
109.32
106.94
104.59
102.29
99.966
97.602
95.062
92.389
89.442
85.767
80.736
73.393
0
0
0
0
69.287
76.205
82.562
86.913
90.102
92.869
95.395
97.739
99.956
102.2
104.43
106.64
108.92
111.3
113.59
115.77
117.74
119.41
120.71
121.57
122
121.78
121.04
119.85
118.22
116.41
114.69
113.5
112.97
112.87
112.69
111.53
111.11
110.17
108.62
106.5
104.44
102.14
99.579
97.682
96.846
97.573
98.8
100.52
102.05
103.04
102.75
101.54
101.18
102.25
103.15
102.78
101.34
99.684
98.122
97.058
97.08
98.529
100.9
103.57
105.17
107.6
109.59
110.95
111.72
112.4
112.79
112.86
113.11
113.91
115.48
117.38
119.16
120.59
121.58
122.07
121.89
121.3
120.15
118.64
116.79
114.7
112.43
110.07
107.7
105.49
103.26
101
98.789
96.546
94.13
91.474
88.512
84.847
79.593
72.06
0
0
0
0
68.506
75.012
81.6
86.028
89.202
91.96
94.407
96.66
98.817
100.92
102.99
105.09
107.24
109.48
111.68
113.75
115.62
117.23
118.48
119.25
119.61
119.42
118.72
117.69
116.36
114.8
113.67
112.97
112.75
112.57
111.95
110.57
109.72
108.33
106.43
104.21
102.41
100.49
98.729
97.765
97.706
99.025
100.85
102.87
104.82
105.86
105.75
105.42
105.5
105.71
106.01
105.61
103.91
101.93
99.912
98.265
97.601
98.215
99.629
101.84
103.63
105.33
107.49
109.26
110.51
111.46
112.29
112.68
112.78
113.19
114.13
115.57
117.11
118.31
119.2
119.64
119.56
118.99
117.95
116.48
114.74
112.72
110.56
108.33
106.08
103.99
101.9
99.821
97.705
95.517
93.162
90.565
87.657
83.886
78.397
70.966
0
0
0
0
0
73.775
80.61
85.18
88.416
91.059
93.482
95.631
97.7
99.655
101.67
103.68
105.73
107.74
109.81
111.81
113.57
115.13
116.21
116.94
117.23
117
116.33
115.33
114.22
113.1
112.29
111.79
111.49
110.89
109.85
108.37
107.07
105.45
103.6
101.75
100.1
98.625
97.594
97.717
98.397
100.06
102.35
104.58
106.44
107.02
106.83
106.5
106.55
106.7
106.92
106.96
105.62
103.51
101.19
99.133
97.914
97.581
98.089
99.711
101.22
102.59
104.63
106.43
107.98
109.16
110.37
111.24
111.62
111.95
112.62
113.63
114.79
115.91
116.79
117.26
117.23
116.65
115.77
114.44
112.73
110.8
108.76
106.67
104.66
102.62
100.6
98.635
96.638
94.54
92.281
89.693
86.848
82.996
77.244
0
0
0
0
0
0
72.502
79.576
84.373
87.666
90.298
92.616
94.732
96.652
98.492
100.39
102.3
104.21
106.16
108.11
109.92
111.65
113.03
114.04
114.65
114.81
114.52
113.8
112.89
111.89
111.06
110.33
109.68
108.95
107.94
106.15
105.06
103.59
102.12
100.54
99.197
97.974
97.041
96.811
97.596
99.223
101.25
103.71
106.22
107.77
107.83
107.27
106.97
107.03
107.18
107.59
108
107.15
104.97
102.45
100.09
98.273
97.17
96.853
97.847
98.78
99.978
101.31
102.89
104.45
105.8
107.2
108.5
109.34
109.98
110.64
111.4
112.38
113.37
114.24
114.76
114.87
114.48
113.63
112.43
110.81
109.04
107.1
105.12
103.2
101.28
99.414
97.495
95.699
93.629
91.441
88.975
86.07
82.088
76.028
0
0
0
0
0
0
71.257
78.516
83.542
86.983
89.539
91.81
93.865
95.764
97.506
99.24
101.05
102.87
104.7
106.48
108.22
109.85
111.1
112
112.35
112.4
111.97
111.2
110.27
109.41
108.58
107.65
106.64
105.4
103.94
102.47
101.28
99.976
98.985
98.075
97.23
96.566
96.562
96.985
98.276
100.24
102.68
105.41
107.82
108.89
108.44
107.44
107.04
107
107.11
107.99
108.8
108.56
106.66
103.9
101.37
99.159
97.498
96.672
96.798
96.89
97.648
98.595
99.376
100.58
101.94
103.22
104.68
106.08
107.12
108.1
108.92
109.8
110.72
111.64
112.29
112.48
112.31
111.67
110.56
109.08
107.39
105.58
103.74
101.9
100.09
98.32
96.585
94.824
92.81
90.697
88.267
85.337
81.143
74.797
0
0
0
0
0
0
70.181
77.361
82.714
86.285
88.918
91.106
93.059
94.902
96.588
98.221
99.94
101.65
103.38
105.06
106.65
108.23
109.44
110.08
110.26
110.08
109.43
108.54
107.53
106.55
105.44
104.24
102.85
101.27
99.648
98.587
97.704
97.096
97.08
96.624
96.355
96.494
97.197
98.222
99.92
102.24
105
107.74
110.08
110.77
109.76
108.02
107.41
107.06
107.37
108.88
110.41
110.65
108.96
106.41
103.44
100.96
98.904
97.623
96.977
96.277
96.261
96.579
96.963
97.263
98.068
98.978
100.41
102.1
103.54
104.87
105.95
107.04
108
109.01
109.84
110.28
110.28
109.91
108.94
107.47
105.88
104.21
102.47
100.73
99.031
97.321
95.726
93.936
92.07
90.019
87.627
84.571
80.211
73.473
0
0
0
0
0
0
69.103
76.002
81.865
85.636
88.321
90.465
92.42
94.174
95.777
97.411
99.039
100.7
102.36
104.01
105.5
106.91
107.93
108.43
108.45
107.92
107.05
105.83
104.63
103.31
101.88
100.26
98.538
96.848
95.428
95.04
94.949
95.38
96
96.372
96.887
97.632
99.058
100.8
103.08
105.88
109
111.9
113.43
113.76
112.75
110.59
109.64
108.85
109.73
111.71
113.42
113.3
112.53
110.31
107.22
104.24
101.73
99.793
98.17
96.907
96.237
95.78
95.667
94.986
94.784
95.013
96.038
97.66
99.41
101.07
102.59
103.95
105.19
106.45
107.57
108.32
108.59
108.32
107.53
106.25
104.74
103.14
101.49
99.777
98.172
96.562
94.94
93.288
91.43
89.411
87.011
83.889
79.127
72.003
0
0
0
0
0
0
68.306
74.553
80.96
84.945
87.699
89.865
91.804
93.538
95.168
96.742
98.29
99.885
101.52
103.1
104.57
105.84
106.82
107.1
106.92
106.02
104.74
103.18
101.57
99.87
98.132
96.382
94.545
92.991
92.251
92.57
93.313
94.713
95.787
97.018
98.327
99.825
102.04
104.64
107.04
109.41
111.54
108.85
110.76
112.03
112.55
114.59
113.13
113.1
113.99
112.15
112.3
111.23
109.77
111.94
110.22
108
105.68
103.23
100.19
98.535
97.172
96.025
94.953
93.835
92.768
92.2
92.44
93.652
95.471
97.268
99.027
100.69
102.39
103.98
105.47
106.61
107.19
107.13
106.46
105.24
103.83
102.29
100.68
99.017
97.434
95.939
94.281
92.663
90.841
88.797
86.376
83.107
77.974
0
0
0
0
0
0
0
0
72.981
79.819
84.217
87.136
89.389
91.285
93.007
94.6
96.126
97.67
99.23
100.8
102.35
103.85
105.13
106.03
106.2
105.64
104.38
102.66
100.73
98.631
96.639
94.741
92.916
91.281
90.182
90.282
90.922
92.335
93.963
95.757
97.782
99.85
101.59
103.18
100.03
100.9
101.73
102.56
103.82
105.03
106.6
108.46
109.76
109.97
108.91
109.44
108.86
107.23
105.69
104.22
103.06
102.25
101.54
100.66
103.7
100.94
100.29
98.598
96.663
94.813
93.139
91.579
90.357
89.901
90.593
92.024
93.821
95.732
97.554
99.634
101.72
103.62
105.16
106.15
106.28
105.71
104.56
103.1
101.56
99.98
98.382
96.835
95.341
93.767
92.149
90.324
88.307
85.737
82.164
76.57
0
0
0
0
0
0
0
0
71.292
78.526
83.423
86.577
88.889
90.839
92.518
94.063
95.575
97.115
98.67
100.21
101.83
103.3
104.55
105.42
105.61
104.86
103.23
101.1
98.584
96.066
94.031
92.063
90.337
88.852
88.108
88.345
89.384
90.739
92.576
94.61
96.43
97.369
93.585
93.316
92.778
92.34
92.286
92.73
93.762
94.553
95.808
97.579
99.797
101.81
101.82
100.71
98.545
96.534
95.007
94.138
93.17
92.485
92.317
92.635
93.271
93.273
96.509
97.13
95.892
93.968
91.931
90.274
88.795
88.149
88.27
89.463
91.142
93.044
94.941
97.237
99.875
102.26
104.25
105.46
105.75
105.13
103.99
102.57
100.99
99.393
97.827
96.258
94.792
93.255
91.659
89.9
87.754
85.081
81.187
74.927
0
0
0
0
0
0
0
0
69.623
77.01
82.471
85.879
88.378
90.378
92.142
93.642
95.135
96.626
98.136
99.729
101.33
102.88
104.16
105.09
105.27
104.48
102.68
100.06
97.131
94.39
92.233
90.147
88.321
86.935
86.175
85.78
86.725
87.664
89.03
89.702
86.761
85.303
83.531
82.513
82.39
83.058
83.944
85.244
85.826
86.143
86.401
87.099
88.386
89.784
90.117
89.206
87.625
86.548
86.163
85.926
85.546
84.535
83.524
82.716
82.627
82.958
84.431
86.253
89.635
90.026
89.011
87.44
86.363
85.999
86.387
87.543
89.195
91.167
93.267
95.65
98.581
101.56
103.83
105.17
105.42
104.81
103.6
102.13
100.49
98.863
97.296
95.826
94.329
92.864
91.281
89.415
87.183
84.276
79.986
73.004
0
0
0
0
0
0
0
0
68.099
75.152
81.402
85.201
87.793
89.883
91.628
93.131
94.664
96.151
97.617
99.231
100.89
102.45
103.85
104.94
105.22
104.49
102.52
99.709
96.59
93.83
91.3
88.856
86.647
84.73
83.116
81.375
80.757
81.345
80.935
77.27
75.132
73.657
73.245
73.632
74.21
74.899
75.772
76.369
76.955
77.21
77.441
78.044
79.081
80.195
80.441
79.704
78.493
77.685
77.277
77.073
76.667
75.991
75.311
74.983
74.05
73.448
73.378
74.2
76.189
78.408
81.647
81.705
81.516
82.363
83.841
85.662
87.743
90.077
92.501
95.124
98.14
101.31
103.79
105.16
105.33
104.57
103.22
101.66
100.03
98.349
96.794
95.333
93.871
92.368
90.775
88.874
86.559
83.421
78.554
70.869
0
0
0
0
0
0
0
0
66.894
72.968
80.038
84.282
87.14
89.331
91.176
92.695
94.225
95.687
97.143
98.746
100.39
102.05
103.61
104.84
105.42
104.76
102.99
100.24
97.022
93.998
91.229
88.446
85.055
81.396
77.115
73.434
71.293
67.571
65.777
64.233
63.571
63.55
63.76
63.849
63.969
63.83
64.083
64.528
65.556
66.983
68.414
69.639
70.49
71.155
71.458
70.917
70.184
69.225
67.828
66.308
64.955
64.515
64.055
64.228
64.059
64.03
63.773
63.569
63.772
64.923
66.784
70.573
72.448
75.311
79.447
83.332
86.803
89.847
92.652
95.468
98.672
101.81
104.15
105.39
105.39
104.36
102.9
101.17
99.521
97.852
96.321
94.912
93.419
91.928
90.303
88.251
85.806
82.329
76.746
68.787
0
0
0
0
0
0
0
0
0
70.549
78.319
83.226
86.373
88.71
90.642
92.232
93.707
95.199
96.615
98.15
99.825
101.54
103.29
104.77
105.6
105.32
103.84
101.28
98.108
94.904
91.755
88.136
83.304
76.914
69.762
60.062
54.336
51.723
50.872
51.244
55.384
55.118
54.702
54.094
53.845
54.826
55.674
57.035
59.513
63.129
66.295
67.511
66.865
65.319
64.925
66.168
67.315
67.191
64.986
61.313
58.028
56.327
55.205
54.542
54.047
54.04
53.697
53.004
51.911
51.097
51.263
52.891
56.806
64.787
73.047
80.394
86.127
90.211
93.442
96.515
99.79
102.77
104.91
105.76
105.41
104.16
102.45
100.63
98.91
97.301
95.832
94.405
92.974
91.424
89.716
87.615
84.886
80.979
74.496
0
0
0
0
0
0
0
0
0
0
68.502
76.232
81.937
85.432
87.912
90.032
91.685
93.126
94.582
96.009
97.503
99.167
100.91
102.75
104.42
105.54
105.68
104.74
102.67
99.712
96.263
92.825
88.595
82.675
74.087
63.56
52.66
45.93
43.152
42.619
43.729
46.1
48.984
52.111
54.976
57.903
61.538
64.882
67.638
71.225
76.418
80.718
81.567
79.841
75.536
73.741
78.018
79.9
80.899
78.776
73.447
68.917
66.334
63.386
59.683
56.343
53.635
50.686
47.647
45.092
42.362
40.87
41.405
45.577
55.719
68.257
78.794
86.043
90.957
94.651
97.993
101.3
103.98
105.55
105.92
105.27
103.73
101.83
99.951
98.248
96.684
95.226
93.803
92.394
90.885
89.037
86.745
83.809
79.288
72.045
0
0
0
0
0
0
0
0
0
0
67.096
73.672
80.229
84.237
87.095
89.273
91.01
92.584
93.987
95.389
96.844
98.454
100.19
102.12
103.97
105.34
105.97
105.6
103.97
101.28
97.921
94.363
90.312
85.15
77.803
69.15
60.193
53.629
49.24
47.194
47.737
50.154
53.093
56.05
58.414
60.653
63.31
66.606
69.75
72.932
77.349
78.377
79.546
78.31
76.355
73.644
77.27
79.499
79.65
79.627
75.106
71.144
68.311
65.011
61.529
58.988
56.907
54.264
51.337
48.623
47.125
47.686
51.127
56.503
64.327
73.796
82.04
88.095
92.533
96.241
99.685
102.85
105.08
106.1
105.89
104.82
103.1
101.09
99.201
97.538
96.047
94.617
93.268
91.808
90.186
88.257
85.769
82.383
77.282
69.66
0
0
0
0
0
0
0
0
0
0
66.205
71.354
78.558
83.097
86.173
88.531
90.403
91.997
93.444
94.758
96.124
97.645
99.32
101.23
103.23
104.85
105.88
106.04
105
102.73
99.583
96.257
92.872
89.25
86.37
84.01
81.878
77.925
72.623
68.318
66.478
66.478
67.093
67.613
68.347
68.163
67.235
68.648
70.431
72.597
75.631
77.891
78.175
77.161
76.094
73.877
76.421
78.038
78.49
77.371
74.246
71.541
69.633
67.981
67.412
67.601
66.991
66.943
66.459
66.067
66.905
69.91
74.675
79.956
82.883
85.122
87.893
91.038
94.614
97.967
101.28
104.1
105.84
106.21
105.58
104.12
102.22
100.18
98.377
96.784
95.37
94.071
92.716
91.209
89.536
87.404
84.696
80.99
75.108
0
0
0
0
0
0
0
0
0
0
0
0
69.191
76.489
81.747
85.119
87.717
89.742
91.346
92.776
94.111
95.405
96.863
98.426
100.23
102.23
104.01
105.41
106
105.54
103.84
101.17
98.046
95.473
93.592
92.46
92.203
92.377
90.273
86.61
82.738
80.731
80.759
81.909
83.457
85.407
86.319
86.49
86.271
85.531
85.513
85.699
85.841
85.633
84.923
84.098
83.085
84.267
85.567
85.946
85.947
85.706
85.109
85.893
86.447
86.291
85.843
84.385
82.798
81.353
80.573
81.389
83.834
88.568
91.819
92.289
92.118
92.854
94.411
96.724
99.699
102.64
104.97
106.08
105.95
104.88
103.15
101.2
99.217
97.522
96.028
94.668
93.43
92.053
90.567
88.786
86.483
83.518
79.312
72.689
0
0
0
0
0
0
0
0
0
0
0
0
67.486
73.964
80.022
83.863
86.706
88.913
90.625
92.134
93.434
94.705
96.027
97.514
99.219
101.09
102.93
104.53
105.52
105.56
104.51
102.19
99.979
98.115
97.016
96.55
96.436
96.17
94.992
92.443
89.611
87.34
86.607
87.379
89.303
91.478
93.836
96.055
97.852
99.136
99.834
100.07
99.802
99.179
98
97.229
97.207
97.624
98.777
99.563
100.04
100.11
99.595
98.596
97.027
95.011
92.69
90.381
88.216
86.775
86.631
88.232
90.912
93.923
95.758
96.363
96.464
96.649
97.402
98.928
101.14
103.6
105.29
105.82
105.24
103.86
102
100.07
98.25
96.645
95.276
94.004
92.785
91.402
89.834
87.873
85.368
82.033
77.151
0
0
0
0
0
0
0
0
0
0
0
0
0
0
71.357
77.947
82.462
85.609
87.989
89.799
91.355
92.673
93.899
95.176
96.554
98.087
99.789
101.62
103.35
104.55
104.99
104.1
102.97
101.41
100.19
99.788
99.75
99.585
98.603
96.952
95.119
93.092
91.338
90.062
89.827
90.981
93.213
96.177
99.452
102.56
105.06
106.82
107.83
108.21
108.14
107.92
107.49
107.35
107.76
108.2
108.3
108.15
107.48
106.07
103.94
101.06
97.796
94.616
91.872
90.116
89.659
90.444
92.024
94.118
96.069
97.879
99.274
99.779
99.761
99.866
100.65
102.21
103.78
104.98
104.98
104.1
102.57
100.65
98.836
97.201
95.769
94.476
93.261
92.023
90.579
88.958
86.822
84.09
80.345
74.696
0
0
0
0
0
0
0
0
0
0
0
0
0
0
69.05
75.424
80.689
84.226
86.828
88.845
90.454
91.866
93.097
94.264
95.601
96.998
98.489
100.2
101.9
103.21
103.63
103.79
103.15
102.24
101.65
101.68
102.04
101.98
100.95
98.996
96.861
95.021
93.564
92.549
92.536
92.789
94.149
96.709
100.1
103.7
107.17
109.58
110.96
111.43
111.5
111.24
110.55
110.55
110.98
111.41
111.56
111.3
110.45
108.5
105.62
101.82
98.197
95.159
93.159
92.415
92.555
93.051
94.238
95.917
98.006
100.13
101.7
102.15
101.89
101.59
101.83
102.68
103.61
103.96
103.69
102.66
101.05
99.321
97.625
96.189
94.839
93.62
92.452
91.175
89.675
87.888
85.58
82.533
78.187
0
0
0
0
0
0
0
0
0
0
0
0
0
0
0
0
72.78
78.582
82.62
85.444
87.702
89.428
90.925
92.218
93.421
94.621
95.852
97.245
98.768
100.3
101.52
102.51
102.95
102.77
102.37
102.28
102.68
103.22
103.35
102.67
100.99
98.771
96.864
95.208
94.338
94.057
94.206
95.374
96.931
99.377
102.26
105.52
108.16
109.78
110.81
111.07
110.81
110
110.11
110.47
110.98
111.01
110.39
109.06
106.91
103.93
100.59
97.871
95.907
94.795
94.248
94.031
94.679
95.941
97.77
99.968
102.03
103.24
103.4
102.97
102.41
102.22
102.53
102.97
102.92
102.16
100.91
99.535
97.945
96.442
95.134
93.958
92.781
91.584
90.186
88.619
86.626
84.063
80.704
75.71
0
0
0
0
0
0
0
0
0
0
0
0
0
0
0
0
70.203
76.068
80.693
83.931
86.348
88.299
89.854
91.193
92.401
93.512
94.684
95.888
97.328
98.623
99.902
101.02
101.7
101.91
101.97
102.2
102.78
103.52
103.84
103.57
102.51
100.65
98.593
96.566
95.151
94.47
94.592
95.312
96.487
98.564
100.55
102.84
104.81
106.38
107.39
107.94
108.01
107.49
107.6
107.85
108.02
107.71
106.94
105.57
103.81
101.63
99.403
97.593
95.969
94.769
94.375
94.683
95.778
97.541
99.64
101.72
103.2
103.84
103.76
103.15
102.38
101.98
101.93
101.88
101.44
100.56
99.271
97.916
96.537
95.17
94.005
92.923
91.781
90.544
89.126
87.367
85.173
82.388
78.451
0
0
0
0
0
0
0
0
0
0
0
0
0
0
0
0
0
0
73.249
78.475
82.163
84.915
87.003
88.726
90.057
91.266
92.371
93.472
94.716
95.83
97.026
98.265
99.416
100.3
100.8
101.19
101.6
102.27
103.1
103.75
103.95
103.52
102.3
100.31
98.263
96.355
94.82
93.906
93.819
94.324
95.283
96.361
97.81
99.329
100.41
102.11
102.55
102.79
102.52
102.74
102.8
102.7
102.36
101.81
100.87
99.413
97.56
95.843
94.612
93.917
93.726
94.23
95.521
97.262
99.302
101.34
103.05
103.93
104.02
103.55
102.68
101.86
101.26
100.95
100.58
99.909
98.842
97.631
96.359
95.202
93.96
92.866
91.764
90.67
89.413
87.892
86.008
83.619
80.365
75.89
0
0
0
0
0
0
0
0
0
0
0
0
0
0
0
0
0
0
70.598
75.945
80.226
83.26
85.596
87.386
88.901
90.125
91.142
92.244
93.313
94.34
95.462
96.604
97.848
98.868
99.607
100.15
100.79
101.64
102.58
103.37
103.83
103.9
103.16
101.76
99.98
98.035
96.118
94.475
93.169
92.341
91.916
91.72
91.582
91.778
91.985
91.979
91.903
91.941
92.065
92.124
91.906
91.593
91.459
91.961
91.855
91.585
91.575
91.892
92.133
92.759
93.776
95.276
97.063
99.017
100.94
102.52
103.67
103.98
103.74
103.04
102.14
101.15
100.37
99.862
99.223
98.382
97.224
95.959
94.8
93.726
92.67
91.593
90.608
89.531
88.187
86.516
84.464
81.792
78.126
0
0
0
0
0
0
0
0
0
0
0
0
0
0
0
0
0
0
0
0
73.073
77.869
81.442
84.01
86.013
87.618
88.885
89.956
90.961
91.905
92.903
93.955
95.108
96.291
97.389
98.368
99.166
99.876
100.81
101.78
102.64
103.27
103.57
103.37
102.65
101.49
100.07
98.385
96.644
95.019
93.473
91.967
90.459
88.822
87.152
85.669
84.319
83.379
83.07
83.329
83.651
83.247
83.148
83.724
84.899
86.31
87.838
89.658
91.227
92.932
94.313
95.926
97.537
99.259
100.86
102.16
103.11
103.57
103.51
103.05
102.25
101.29
100.29
99.432
98.739
97.838
96.854
95.662
94.461
93.316
92.295
91.352
90.414
89.421
88.289
86.835
85.079
82.747
79.73
75.446
0
0
0
0
0
0
0
0
0
0
0
0
0
0
0
0
0
0
0
0
70.387
75.158
79.285
82.234
84.538
86.282
87.587
88.712
89.75
90.645
91.587
92.534
93.598
94.784
95.886
97.068
98.014
98.961
99.983
100.98
101.91
102.65
103.07
103.25
103.09
102.64
101.85
100.87
99.7
98.417
96.873
95.214
93.502
91.682
89.648
87.651
85.988
84.759
84.149
84.229
84.51
84.238
84.419
85.349
86.764
88.635
90.649
92.625
94.382
96.067
97.707
99.166
100.39
101.46
102.32
102.96
103.26
103.24
102.89
102.33
101.5
100.47
99.455
98.459
97.495
96.439
95.28
94.109
92.978
91.961
91
90.107
89.201
88.159
86.969
85.47
83.443
80.774
77.262
0
0
0
0
0
0
0
0
0
0
0
0
0
0
0
0
0
0
0
0
0
0
72.259
76.731
80.28
82.844
84.812
86.256
87.42
88.462
89.388
90.308
91.147
92.157
93.283
94.456
95.672
96.886
98.043
99.115
100.18
101.23
102.08
102.69
103.2
103.45
103.5
103.32
103.02
102.56
101.9
100.99
99.771
98.385
96.871
95.272
93.647
92.18
90.981
90.182
89.887
90.019
90.061
90.59
91.619
92.912
94.461
96.115
97.643
99.119
100.44
101.56
102.33
102.93
103.24
103.5
103.55
103.41
103.02
102.44
101.74
100.73
99.646
98.56
97.452
96.208
95.035
93.79
92.642
91.528
90.618
89.784
88.848
87.918
86.859
85.583
83.883
81.633
78.531
74.392
0
0
0
0
0
0
0
0
0
0
0
0
0
0
0
0
0
0
0
0
0
0
69.905
73.934
77.91
80.903
83.14
84.813
86.086
87.194
88.14
89.097
89.915
90.832
91.897
93.06
94.362
95.758
97.078
98.302
99.501
100.64
101.64
102.52
103.28
103.87
104.34
104.66
104.88
104.98
104.9
104.61
104.09
103.32
102.28
101.16
99.962
98.831
97.805
96.936
96.521
96.526
96.744
97.416
98.4
99.466
100.62
101.79
102.85
103.74
104.41
104.84
105.02
105.04
104.88
104.63
104.2
103.64
102.95
102.14
101.19
100.13
98.876
97.682
96.37
95.008
93.626
92.374
91.246
90.292
89.426
88.543
87.588
86.631
85.47
84.003
82.065
79.451
75.941
0
0
0
0
0
0
0
0
0
0
0
0
0
0
0
0
0
0
0
0
0
0
0
0
71.153
75.194
78.657
81.264
83.196
84.678
85.831
86.873
87.865
88.64
89.54
90.557
91.776
93.124
94.502
95.969
97.404
98.756
100.12
101.3
102.39
103.42
104.38
105.28
105.93
106.49
107.06
107.43
107.65
107.68
107.48
106.98
106.31
105.52
104.63
103.81
103.07
102.57
102.5
102.84
103.48
104.28
105.16
106.02
106.69
107.28
107.66
107.72
107.58
107.33
106.86
106.28
105.71
104.94
103.98
102.95
101.87
100.78
99.494
98.091
96.665
95.193
93.738
92.368
91.034
89.914
88.976
88.177
87.312
86.311
85.299
83.944
82.281
79.979
76.951
72.991
0
0
0
0
0
0
0
0
0
0
0
0
0
0
0
0
0
0
0
0
0
0
0
0
0
72.394
76.076
79.115
81.42
83.089
84.489
85.563
86.527
87.35
88.216
89.177
90.372
91.75
93.264
94.835
96.331
97.936
99.577
101.03
102.42
103.79
105.11
106.29
107.25
108.11
108.94
109.64
110.29
110.69
110.92
110.85
110.54
110.07
109.47
108.87
108.35
107.96
107.91
108.14
108.66
109.18
109.81
110.38
110.74
110.93
110.85
110.56
110
109.35
108.58
107.72
106.88
105.78
104.52
103.17
101.75
100.41
98.802
97.146
95.62
93.993
92.387
90.941
89.634
88.565
87.696
86.845
86.043
85.024
83.8
82.254
80.307
77.588
74.125
0
0
0
0
0
0
0
0
0
0
0
0
0
0
0
0
0
0
0
0
0
0
0
0
0
0
0
73.195
76.63
79.295
81.316
82.902
84.144
85.063
85.939
86.787
87.73
88.907
90.266
91.788
93.441
95.256
97.116
98.919
100.7
102.44
104.16
105.72
107.2
108.48
109.58
110.69
111.73
112.6
113.33
113.95
114.3
114.26
114.15
113.88
113.53
113.24
112.99
112.87
113.09
113.36
113.71
114.06
114.24
114.32
114.2
113.67
112.97
112.2
111.25
110.16
109.09
107.93
106.52
105.01
103.4
101.61
99.879
98.063
96.21
94.382
92.579
90.904
89.446
88.198
87.082
86.262
85.391
84.581
83.531
82.089
80.332
77.981
74.881
0
0
0
0
0
0
0
0
0
0
0
0
0
0
0
0
0
0
0
0
0
0
0
0
0
0
0
0
0
73.756
76.818
79.2
81.076
82.425
83.508
84.404
85.278
86.222
87.261
88.576
90.111
91.842
93.942
96.025
98.118
100.19
102.19
104.3
106.2
107.92
109.48
110.84
112.21
113.41
114.55
115.52
116.34
116.99
117.23
117.32
117.34
117.26
117.04
116.92
116.9
117
117.15
117.33
117.36
117.31
117.19
116.71
115.95
115.07
114
112.84
111.55
110.23
108.78
107.15
105.33
103.32
101.24
99.197
97.106
94.989
92.893
90.865
89.223
87.758
86.57
85.606
84.721
83.861
82.925
81.767
80.154
78.06
75.276
0
0
0
0
0
0
0
0
0
0
0
0
0
0
0
0
0
0
0
0
0
0
0
0
0
0
0
0
0
0
0
74.032
76.759
78.915
80.535
81.817
82.757
83.688
84.539
85.524
86.89
88.264
90.182
92.331
94.609
97.014
99.304
101.63
103.97
106.14
108.17
110.04
111.58
113.09
114.52
115.89
117.1
118.12
118.9
119.4
119.59
119.72
119.69
119.62
119.58
119.52
119.6
119.66
119.73
119.67
119.54
119.18
118.56
117.67
116.56
115.18
113.85
112.37
110.88
109.2
107.23
105.11
102.85
100.49
98.197
95.843
93.456
91.228
89.151
87.463
86.03
84.831
83.953
83.116
82.218
81.148
79.723
77.872
75.41
0
0
0
0
0
0
0
0
0
0
0
0
0
0
0
0
0
0
0
0
0
0
0
0
0
0
0
0
0
0
0
0
0
74.015
76.454
78.481
79.872
80.935
81.894
82.735
83.736
84.8
86.435
88.374
90.526
92.995
95.454
98.046
100.56
103.07
105.48
107.79
109.86
111.66
113.29
114.85
116.38
117.81
118.96
119.89
120.52
120.98
121.21
121.16
121.16
121.06
120.97
121.13
121.12
121.17
121.14
120.77
120.22
119.46
118.43
117.12
115.57
114.06
112.52
110.8
108.9
106.69
104.3
101.85
99.282
96.712
94.185
91.687
89.344
87.32
85.517
84.149
83.055
82.158
81.302
80.329
79.195
77.47
75.245
0
0
0
0
0
0
0
0
0
0
0
0
0
0
0
0
0
0
0
0
0
0
0
0
0
0
0
0
0
0
0
0
0
0
0
73.733
75.933
77.67
78.937
79.946
80.824
81.771
82.864
84.476
86.337
88.52
90.845
93.441
96.139
98.87
101.56
104.21
106.69
108.92
110.89
112.7
114.46
116.13
117.67
119.01
120.06
120.86
121.46
121.76
121.83
121.71
121.44
121.27
121.57
121.77
121.79
121.65
121.18
120.5
119.55
118.38
116.91
115.19
113.55
111.84
109.93
107.85
105.49
102.88
100.19
97.434
94.735
92.051
89.55
87.309
85.247
83.54
82.111
81.127
80.241
79.355
78.258
76.81
74.826
0
0
0
0
0
0
0
0
0
0
0
0
0
0
0
0
0
0
0
0
0
0
0
0
0
0
0
0
0
0
0
0
0
0
0
0
0
73.214
75.211
76.727
77.88
78.773
79.6
80.842
82.379
84.183
86.116
88.441
91.098
93.867
96.648
99.488
102.27
104.87
107.25
109.41
111.31
113.26
115.19
116.89
118.28
119.45
120.29
120.98
121.29
121.45
121.28
120.99
120.88
121.08
121.39
121.35
121.14
120.64
119.88
118.89
117.6
116.03
114.22
112.23
110.34
108.32
106.06
103.54
100.86
98.008
95.155
92.412
89.623
87.067
84.921
83.124
81.47
80.068
79.074
78.195
77.225
75.953
74.19
0
0
0
0
0
0
0
0
0
0
0
0
0
0
0
0
0
0
0
0
0
0
0
0
0
0
0
0
0
0
0
0
0
0
0
0
0
0
0
72.393
74.147
75.472
76.412
77.509
78.807
80.187
81.665
83.514
85.751
88.295
91.104
93.945
96.873
99.695
102.34
104.81
107.13
109.24
111.36
113.42
115.31
116.87
118.13
119.06
119.63
120.02
120.06
119.87
119.6
119.5
119.69
119.98
120.05
119.85
119.36
118.61
117.55
116.1
114.4
112.37
110.22
108.14
105.92
103.58
100.95
98.22
95.324
92.446
89.579
86.837
84.369
82.298
80.66
79.358
78.011
76.838
75.871
74.748
73.242
0
0
0
0
0
0
0
0
0
0
0
0
0
0
0
0
0
0
0
0
0
0
0
0
0
0
0
0
0
0
0
0
0
0
0
0
0
0
0
0
0
71.351
72.869
74.074
75.474
76.552
77.71
79.099
80.756
82.885
85.344
88.05
90.897
93.773
96.623
99.265
101.78
104.3
106.61
108.83
111.02
113.05
114.6
115.9
116.89
117.51
117.79
117.76
117.51
117.29
117.21
117.38
117.63
117.79
117.72
117.2
116.45
115.29
113.88
112.07
109.9
107.56
105.41
102.98
100.44
97.892
95.071
92.255
89.372
86.51
83.898
81.491
79.631
78.078
76.865
75.771
74.658
73.397
72.072
0
0
0
0
0
0
0
0
0
0
0
0
0
0
0
0
0
0
0
0
0
0
0
0
0
0
0
0
0
0
0
0
0
0
0
0
0
0
0
0
0
0
0
70.094
71.548
72.863
74.018
75.166
76.389
77.948
79.851
82.092
84.764
87.544
90.286
93.111
95.75
98.309
100.81
103.36
105.63
107.77
109.82
111.53
112.83
113.78
114.44
114.67
114.55
114.18
113.94
113.85
114.02
114.34
114.65
114.59
114.18
113.33
112.26
110.72
108.79
106.71
104.48
102.04
99.519
96.918
94.341
91.584
88.804
86.012
83.208
80.689
78.598
76.816
75.491
74.336
73.263
72.098
70.807
0
0
0
0
0
0
0
0
0
0
0
0
0
0
0
0
0
0
0
0
0
0
0
0
0
0
0
0
0
0
0
0
0
0
0
0
0
0
0
0
0
0
0
0
0
69.209
70.311
71.448
72.546
73.722
75.135
76.781
78.792
81.199
83.851
86.539
89.265
91.869
94.462
96.919
99.434
101.68
103.82
105.71
107.48
108.89
109.88
110.5
110.73
110.57
110.28
109.93
109.86
110.06
110.43
110.68
110.67
110.19
109.43
108.24
106.63
104.77
102.76
100.56
98.062
95.574
93.032
90.42
87.767
85.034
82.336
79.688
77.503
75.624
74.086
72.843
71.772
70.76
69.719
0
0
0
0
0
0
0
0
0
0
0
0
0
0
0
0
0
0
0
0
0
0
0
0
0
0
0
0
0
0
0
0
0
0
0
0
0
0
0
0
0
0
0
0
0
0
0
0
69.005
70.062
71.121
72.293
73.654
75.422
77.508
79.939
82.546
85.177
87.684
90.152
92.53
94.935
97.224
99.304
101.14
102.82
104.23
105.2
105.89
106.26
106.15
105.86
105.54
105.47
105.67
106
106.22
106.14
105.55
104.74
103.55
102.01
100.2
98.276
96.039
93.587
91.185
88.765
86.272
83.719
81.048
78.485
76.175
74.211
72.634
71.424
70.353
69.437
0
0
0
0
0
0
0
0
0
0
0
0
0
0
0
0
0
0
0
0
0
0
0
0
0
0
0
0
0
0
0
0
0
0
0
0
0
0
0
0
0
0
0
0
0
0
0
0
0
0
0
0
68.659
69.608
70.717
72.053
73.871
76.016
78.468
80.923
83.358
85.587
88.011
90.307
92.464
94.455
96.242
97.738
99.133
100.09
100.81
101.28
101.32
101.09
100.82
100.67
100.89
101.22
101.33
101.11
100.42
99.621
98.461
96.96
95.34
93.431
91.376
89.103
86.673
84.35
81.968
79.537
77.023
74.645
72.637
71.027
69.887
68.929
0
0
0
0
0
0
0
0
0
0
0
0
0
0
0
0
0
0
0
0
0
0
0
0
0
0
0
0
0
0
0
0
0
0
0
0
0
0
0
0
0
0
0
0
0
0
0
0
0
0
0
0
0
0
0
67.37
68.021
68.953
70.277
72.089
74.226
76.53
78.814
80.968
83.224
85.351
87.405
89.271
90.969
92.512
93.747
94.767
95.525
96.073
96.168
96.032
95.787
95.623
95.878
96.127
96.16
95.82
95.149
94.26
93.102
91.741
90.104
88.328
86.338
84.233
81.903
79.761
77.503
75.183
72.903
70.872
69.251
68.184
67.508
0
0
0
0
0
0
0
0
0
0
0
0
0
0
0
0
0
0
0
0
0
0
0
0
0
0
0
0
0
0
0
0
0
0
0
0
0
0
0
0
0
0
0
0
0
0
0
0
0
0
0
0
0
0
0
0
0
0
66.493
67.066
68.306
69.911
71.914
74.079
76.12
78.277
80.282
82.171
83.889
85.446
86.946
88.225
89.182
89.919
90.432
90.578
90.573
90.393
90.248
90.465
90.588
90.544
90.188
89.533
88.71
87.596
86.177
84.614
82.997
81.196
79.178
76.946
74.953
72.818
70.662
68.806
67.364
66.5
0
0
0
0
0
0
0
0
0
0
0
0
0
0
0
0
0
0
0
0
0
0
0
0
0
0
0
0
0
0
0
0
0
0
0
0
0
0
0
0
0
0
0
0
0
0
0
0
0
0
0
0
0
0
0
0
0
0
0
0
0
65.073
65.2
65.939
67.33
69.149
71.08
73.078
74.998
76.766
78.322
79.832
81.22
82.38
83.279
84.031
84.591
84.789
84.812
84.751
84.641
84.776
84.785
84.709
84.301
83.635
82.818
81.788
80.51
79.042
77.48
75.836
73.985
71.815
69.964
68.019
66.364
65.273
64.898
0
0
0
0
0
0
0
0
0
0
0
0
0
0
0
0
0
0
0
0
0
0
0
0
0
0
0
0
0
0
0
0
0
0
0
0
0
0
0
0
0
0
0
0
0
0
0
0
0
0
0
0
0
0
0
0
0
0
0
0
0
0
0
0
63.466
63.537
64.389
65.953
67.753
69.513
71.025
72.502
73.929
75.11
76.193
77.11
77.811
78.275
78.558
78.611
78.573
78.503
78.546
78.551
78.432
78.006
77.471
76.615
75.64
74.475
73.2
71.712
70.199
68.593
66.753
64.975
63.796
63.297
0
0
0
0
0
0
0
0
0
0
0
0
0
0
0
0
0
0
0
0
0
0
0
0
0
0
0
0
0
0
0
0
0
0
0
0
0
0
0
0
0
0
0
0
0
0
0
0
0
0
0
0
0
0
0
0
0
0
0
0
0
0
0
0
0
0
0
0
61.751
61.634
62.502
63.78
65.082
66.324
67.547
68.747
69.725
70.547
71.199
71.718
71.858
71.905
71.98
71.871
71.91
71.838
71.787
71.47
70.821
70.101
69.175
68.121
66.865
65.624
64.358
63.062
61.922
61.585
0
0
0
0
0
0
0
0
0
0
0
0
0
0
0
0
0
0
0
0
0
0
0
0
0
0
0
0
0
0
0
0
0
0
0
0
0
0
0
0
0
0
0
0
0
0
0
0
0
0
0
0
0
0
0
0
0
0
0
0
0
0
0
0
0
0
0
0
0
0
0
0
0
59.46
59.694
60.304
61.078
62.069
62.971
63.641
64.287
64.731
64.963
65.01
65.041
65.001
64.988
64.937
64.874
64.494
63.904
63.246
62.454
61.468
60.597
59.909
59.454
0
0
0
0
0
0
0
0
0
0
0
0
0
0
0
0
0
0
0
0
0
0
0
0
0
0
0
0
0
0
0
0
0
0
0
0
0
0
0
0
0
0
0
0
0
0
0
0
0
0
0
0
0
0
0
0
0
0
0
0
0
0
0
0
0
0
0
0
0
0
0
0
0
0
0
0
0
0
0
0
0
57.166
57.407
57.76
57.999
58.092
58.148
58.181
58.102
58.133
58.078
58.002
57.839
57.55
57.194
0
0
0
0
0
0
0
0
0
0
0
0
0
0
0
0
0
0
0
0
0
0
0
0
0
0
0
0
0
0
0
0
0
0
0
0
0
0
0
0
0
0
0
0
0
0
0
0
0
0
0
0
0
0
0
0
0
0
0
0
0
0
0
0
0
0
0
0
0
0
0
0
0
0
0
0
0
0
0
0
0
0
0
0
0
0
0
0
0
0
54.844
54.666
54.853
54.576
54.64
0
0
0
0
0
0
0
0
0
0
0
0
0
0
0
0
0
0
0
0
0
0
0
0
0
0
0
0
0
0
0
0
0
0
0
0
0
0
0
0
0
0
0
0
0
0
0
0
