2633
1074
578.92
452.39
401.43
348.23
298.33
284.96
261.91
251.58
234.75
225.35
216.12
202.89
196.33
190.24
172.23
162.35
151.19
147.86
143.91
138.41
136.98
134.3
132.85
132.8
125.99
123.6
120.03
116.54
115.84
114.41
112.01
109.57
108.27
107.94
104.1
102.52
97.851
97.055
96.331
95.08
93.786
92.578
91.732
90.416
89.179
89.05
86.781
84.729
83.939
82.003
81.441
80.344
79.624
78.429
77.86
76.976
75.879
75.153
74.622
74.469
73.496
73.078
72.504
71.438
70.376
70.097
69.525
69.378
68.122
67.278
67.154
66.583
65.949
65.823
64.987
64.754
64.281
63.684
62.955
62.576
62.211
61.612
61.05
61.014
60.826
59.845
59.351
58.944
