4.126783532680259E10
2.3344683371658455E10
1.6532778578174133E10
5.500069465278054E9
4.944870423823392E9
3.5671165205422373E9
2.5039089705139523E9
2.267115882952006E9
1.4964062599074986E9
1.4884414256911426E9
1.4305343828014433E9
1.1035547034608042E9
8.650708557789148E8
8.597598930496341E8
7.732624901988108E8
7.616905106681117E8
6.169894433229681E8
5.1683951514399135E8
5.0856359708961815E8
4.6044338306286204E8
4.308244624204605E8
4.152909917337215E8
3.7408828606744826E8
3.358791550398762E8
3.2387347608901644E8
2.894252294547069E8
2.7056652314997727E8
2.57607675980127E8
2.4225079859730694E8
2.1940501652280647E8
2.0017830258545622E8
1.9255195641046706E8
1.667967348860019E8
1.6037813694713047E8
1.5015181319747964E8
1.3851501770047036E8
1.2418771610365494E8
1.1634876133409055E8
1.0937748775892015E8
1.0531789302075319E8
9.730486625365026E7
9.521784520180665E7
9.468606446869157E7
8.964677198152144E7
8.504503074152155E7
7.497732087760366E7
7.10229299414701E7
6.862072586312623E7
6.822750178964016E7
6.487869390713769E7
6.439794552662243E7
6.228709104388298E7
6.068062685855456E7
5.6629448065742545E7
5.32896214322685E7
5.164725302162813E7
5.119893650054547E7
4.891241043526599E7
4.886093803014562E7
4.7808672754461646E7
4.757132323764068E7
4.664114476494667E7
4.612233990697108E7
4.268910701895174E7
4.202222435153623E7
4.143778525484503E7
4.0207376295008846E7
3.8340761117506295E7
3.7132922056532815E7
3.685006566101953E7
3.5777857245565824E7
3.555497049072914E7
3.442222789515666E7
3.406029389265274E7
3.3158046769906856E7
3.2598170912730552E7
3.2323907444907922E7
3.2051697513750978E7
3.0293140757348076E7
3.015853505483094E7
2.929036340813303E7
2.919403096528111E7
2.879103538990786E7
2.7913544236286297E7
2.7558206330604453E7
2.7363789064705342E7
2.6764121759075228E7
2.5668873379002437E7
2.5251912888033524E7
2.503217894558957E7
2.4809801261973526E7
2.4760350767598223E7
2.4249029187604025E7
2.363783393200572E7
2.336855245298781E7
2.3221189569764808E7
2.3114479137982E7
2.2568175953340955E7
2.211290061122261E7
2.1683741682298113E7
2.156473729455264E7
2.103052112704085E7
2.0403416051230635E7
1.9670347170560304E7
1.9164227623209976E7
1.889965485879444E7
1.8366895312841464E7
1.781178287436822E7
1.5423820037255606E7
