0.9848389,0.0058271075,-0.001375905,-1.0759666E-5,1.3769415E-4,-0.15255214,0.0019865092,-3.9739365E-4,-0.0040711365,-3.55703E-4,4.228378E-4,0.009062177,-0.0011479564,-2.2334374E-4,6.155778E-4,-8.5745385E-4,-9.032982E-5,-8.2441553E-4,-0.005546266,-0.002625631,-1.680477E-4,-0.0017029023,-0.0062988373,9.669737E-5,8.8992406E-4,4.5203845E-4,-0.0013953018,-0.01447882,-3.130938E-4,0.002150249,0.0014513449,-0.004659712,0.0072045824
0.0017302404,-0.49339744,-0.8646947,-0.009930272,0.016210726,-3.5372362E-4,0.001973897,0.0010967618,2.0999685E-5,0.011217351,2.1503043E-5,-5.570205E-5,-0.0030591073,7.011177E-4,-0.0022514737,-0.006872419,0.0025244192,-0.0068408833,-1.2057215E-4,-0.0026604487,-0.009723225,0.00715551,-0.001097146,0.009519294,0.0423093,-0.011616165,0.0036357155,-2.2746729E-4,0.013586647,-0.0053186007,0.0016137384,0.016278034,-0.012538507
-5.1085102E-5,0.009316596,-3.2282018E-4,-0.9941363,-0.02627512,1.8847865E-4,0.018982753,-2.9887588E-4,3.7971223E-4,-0.018665042,-0.020784272,-5.33605E-4,0.010885548,-0.002810954,0.008655822,0.023741715,-0.0034264287,0.010362376,3.0280303E-4,-0.0022739817,0.009516533,-0.0062918733,9.3676953E-4,-0.03182235,-0.033407085,0.014768828,0.005943047,5.050382E-4,-0.03193703,0.035532545,-0.019981818,0.017580125,0.0054635713
-9.1276213E-4,0.15268049,-0.10796255,0.02899778,-0.94979876,-0.0019465329,-0.09952752,-0.057558745,2.1106258E-4,-0.01996679,-0.037578832,-5.185879E-4,0.040270884,-0.006484911,-0.019774724,-0.0069956416,0.030271867,0.048626292,-9.6724636E-4,0.0972989,0.007537479,0.02920357,-0.0058288155,0.011967751,-0.0092569785,0.061277676,-0.0248237,0.0010162629,-0.061254036,0.011691518,-0.06762868,0.013684457,0.068195954
2.2682728E-4,-0.041747812,0.029609129,0.011385513,-0.11648337,0.009532034,0.9648818,0.082113154,-2.0262922E-4,0.09301585,0.01732121,7.7897107E-4,0.015897823,0.015003178,-0.038035218,0.033136684,0.018353546,0.021084117,-2.0533225E-4,0.03170458,-0.05089924,0.024850678,-0.0033200087,-0.032498226,-0.017281305,-0.01105696,-0.0055004917,2.5680967E-4,0.04468507,-0.102968864,0.009100103,-0.022484342,0.008436228
1.4261786E-4,-0.0210886,0.013873634,-0.0029162872,-0.05245006,-0.0010646852,-0.07423105,0.9222996,-0.0021961401,0.005944455,0.25837693,0.007830236,-0.033929903,0.0889714,-0.02446246,-0.098325364,-0.00776706,2.286334E-4,-9.638037E-4,-0.008751771,-0.028339561,0.0054923943,-1.9950783E-4,0.051766492,-0.025628379,-0.055427857,-0.054442015,0.0017514429,-0.074086815,0.08334848,-0.015347758,0.13544272,-0.013828801
-0.003883588,-1.5046979E-5,9.351853E-6,8.710891E-5,6.5934844E-5,-0.06034328,5.3180143E-4,0.0016664788,0.99420977,0.002170766,0.0020289284,-0.01639418,2.927496E-4,0.0016698767,-0.0015042154,-5.9638545E-4,-5.7519134E-4,-8.9507565E-5,-0.007405514,-9.0842E-4,-0.0016597002,0.002069789,0.0062571783,5.44751E-4,0.0014153456,2.1510135E-4,-4.982692E-4,-0.02305302,-1.7125232E-4,-0.0023498517,-0.0020495667,0.0014374522,-0.0023354376
2.5901684E-4,-0.040820688,0.029674102,-0.0019758947,-0.050499957,-0.0012756186,-0.081652425,-0.01590821,-0.0016513733,0.9424647,-0.034452043,-0.0021447071,-0.042052787,0.036387444,0.077123284,0.13074705,-0.03958692,-0.028201552,0.0017181778,-0.11156039,-0.015212541,-0.028873632,0.005964508,-0.1286383,-0.03816089,-0.02243988,0.028647847,-0.0024088211,-0.018386973,0.088679604,0.032688618,0.09515189,-0.04160915
0.0042958716,6.115273E-6,1.1860239E-5,-8.50716E-6,-1.1000232E-4,-0.0294013,3.9238765E-4,4.8859496E-5,-0.017687934,-7.257541E-4,0.029262125,-0.99658906,0.0029994743,-7.334731E-4,-7.1645394E-4,-4.69512E-4,9.2612114E-4,7.830389E-4,0.0025772233,0.0019010161,-7.7060795E-6,-0.0066909753,-0.040230796,2.9030515E-4,-8.975153E-4,-2.908458E-4,1.8105349E-4,0.0061901067,-3.474876E-4,5.3439735E-6,-8.335325E-4,8.9541526E-4,-0.0015803353
1.05325744E-4,-0.01778129,0.013073463,-0.0035756312,-0.02347033,4.576883E-4,-0.013937789,-0.003021905,4.9367733E-5,-0.06617051,-0.23171802,-0.009135138,-0.7892422,0.47618425,-0.15465578,0.066425845,0.063830316,0.07344812,-4.386706E-4,0.058063004,-0.122533776,0.04221562,-0.0049496125,-0.05744144,-0.056368724,-0.037603278,0.0070544984,-8.494051E-4,0.011779478,-0.0117376745,0.03348096,7.4629363E-4,-0.025626443
4.722029E-5,-0.00825566,0.0068344804,-0.009234558,-0.018384632,0.0013150616,-0.007021678,-0.072121985,1.8543383E-4,0.007445962,0.5427855,0.015321198,-0.45046946,-0.5866814,-0.13172436,0.23523144,0.009621116,0.013745842,-3.8197933E-4,0.09173022,-0.043054864,0.09433975,-0.0152775645,-0.05053256,0.11434444,0.11558768,0.07995275,0.0037557674,-0.008753732,-0.024280805,-0.060637303,-0.012141045,-0.06654448
1.3049875E-4,-0.020911923,0.014222937,0.0016955552,-0.023462784,-7.4863096E-4,-0.022757843,-0.0045947516,-5.93658E-4,-0.01272895,-0.06895487,-0.0014407219,0.16124535,-0.029986981,-0.89035887,0.10027545,-0.15490143,-0.11036371,0.0036272942,-0.28204218,-0.017668035,-0.10778715,0.020151716,-0.04703436,-0.063458525,-0.054304063,-0.031859133,-0.0026349972,0.0128285205,0.036468197,-0.014264831,0.034595795,-0.035349697
-1.9857045E-5,0.0026551299,-0.0026294717,0.005200943,0.010241496,-5.6033855E-4,-0.007386176,-8.676645E-4,-7.52342E-5,-0.02096874,0.13606271,0.0045358315,0.120237,0.18980384,-0.032706987,0.41330266,0.8016682,-0.055453416,0.002993849,-0.16298361,0.14497137,-0.06608462,0.0099861985,0.13857496,0.051649533,0.07240518,0.02396022,3.581866E-4,0.032696955,0.030541498,-0.05091786,0.014221962,0.04489693
-1.2410617E-4,0.020318365,-0.0136121,-0.0027350013,0.02019075,-5.6156085E-4,0.0155973155,-0.004635152,-2.4404723E-4,0.0053328765,0.13210647,0.0037541802,0.0319636,0.26588964,0.02797765,0.52956724,-0.4741692,0.088449106,0.0031783623,0.15033089,0.37724102,-0.04274205,-5.671333E-4,0.340947,0.13125521,0.116083786,-0.16557547,-0.00516871,0.03111601,0.08016336,0.0124017,-0.07520668,0.00960992
3.965194E-5,-0.007104099,0.0068099075,-0.010071027,-0.018107617,-1.8190804E-5,0.0013806991,-0.019355334,-1.8568257E-5,0.0040980317,0.024526978,4.6133573E-4,-0.03848966,0.059033442,0.022548601,0.022435483,-0.0355062,-0.9287023,-0.008314818,0.2842184,-0.017297113,0.06948373,-0.011789811,0.09100067,-0.118470944,-0.009241187,0.015686858,7.895751E-4,5.9186877E-5,-0.040445767,-0.04328505,0.0087756375,0.022788918
1.7822528E-4,-0.028662343,0.01909716,4.530002E-4,-0.03589373,-3.6308845E-4,-0.021150438,0.022867423,2.1818076E-4,-0.07117396,-0.17696096,-0.005461702,0.0456377,-0.16029873,0.14590633,0.39641523,-0.07126472,0.011697468,0.0020682972,-0.1895094,-0.6353366,0.16754426,-0.014085,0.37046838,-0.10980615,-0.30248123,-0.09626339,0.0021008807,-0.02444039,0.048648927,0.05722048,0.04351098,-0.032497488
-0.0019955256,-2.7779863E-5,1.6538115E-5,2.0659252E-6,-2.4838144E-5,-0.058943596,6.552477E-4,-6.382753E-5,-4.919043E-4,-1.26334E-4,4.6347769E-4,0.001210777,-7.9556037E-4,-2.9105463E-4,6.4500276E-4,-0.004269733,7.2939176E-4,-0.00538945,0.9802296,0.009614178,-0.0016810711,0.006447274,0.029805215,0.0026396543,-0.0019273672,-2.0856064E-4,0.0013711047,-0.10796953,-0.0062888092,-0.0057745837,-0.003010394,0.007829579,-0.0073819067
-5.292681E-5,0.0087707415,-0.0058076573,0.0019366095,0.012074385,-3.7827867E-4,0.0036651127,0.014672307,8.497925E-5,0.008981979,-0.02777639,-6.934638E-4,-0.002479168,-0.044215553,-0.012337766,0.05188504,0.018959312,0.011623459,-0.0020697128,0.34136376,-0.29478246,-0.82972354,0.1458492,-0.03146712,0.20965715,-0.055479106,-0.0044174944,-3.638055E-4,-0.018754028,0.04751086,0.0010963994,0.040029034,0.10563153
-9.142873E-4,-3.644913E-5,2.3357125E-5,8.26873E-7,-1.0570106E-5,-0.04313706,4.428862E-4,-1.3835687E-4,-0.0030518908,-6.9988935E-5,0.0013586956,-0.03798698,1.8328664E-4,1.3795527E-4,-2.014938E-4,-8.032292E-4,-1.2248734E-4,0.0011853166,-0.035946757,0.0044531943,0.018402545,0.1663472,0.9733811,-8.236649E-4,2.1049159E-4,0.0017929047,-5.460286E-4,0.03160926,0.0010458236,0.00238756,0.0032384528,-0.0024374241,0.0056914967
-0.0057682483,0.8517647,-0.48032477,0.0027618392,0.16905078,6.135536E-4,0.06060211,0.03776231,-2.0476413E-4,0.054363493,9.0404693E-4,-1.9674223E-4,-0.027971098,-0.0027638127,-0.019180859,0.011802192,-0.0025383127,-0.020929446,2.1181474E-4,-0.036055636,-0.039901916,0.012385375,-0.0010312619,-0.005259415,-0.010788114,-0.02797236,0.004879236,-5.7229707E-5,0.009061192,-0.001887027,0.013432513,0.009677908,-0.018329486
0.15970682,9.299855E-4,-5.7720445E-4,6.571659E-5,-7.080463E-4,0.97871065,-0.0102514075,9.764595E-4,0.058267523,8.66512E-4,-3.4559405E-4,-0.030898869,0.0023942206,8.58462E-4,-9.345438E-4,0.0011221009,1.02665144E-4,6.3611276E-4,0.054728474,0.0036167856,8.9312956E-4,0.007876268,0.04350219,1.6634524E-4,-0.0010384638,-4.688433E-4,0.001393087,0.010912314,7.239434E-5,-0.0024126512,-0.0015898591,0.005127119,-0.0076061822
-7.214823E-4,0.0031944485,0.0026200872,-0.021109523,-0.030705966,0.0014794646,3.6277884E-4,-0.30386147,-0.001824566,0.0049683955,0.6978733,0.020206625,0.098115385,0.4629328,-0.00519636,-0.22831194,-0.079356715,0.030290632,-6.3053705E-4,-0.113087706,-0.29445705,-0.0174606,0.008869548,0.04287541,-0.06468211,-0.14227802,-0.032546572,1.8422503E-4,-0.018809214,0.024489861,0.034804106,0.060307898,-0.0140481
-0.0025917876,-0.0016847191,-0.014214005,0.027565705,-0.14888887,0.0047733425,0.07558277,0.012395192,0.0015993097,-0.20630221,0.030284094,-0.0016446763,-0.1824903,-0.04354559,0.31978422,0.080548,-0.18828668,-0.22958578,0.007067507,-0.66942126,0.19775547,-0.34107545,0.05812224,-0.18061742,-0.023369722,-0.052300867,0.052348167,-0.00484827,0.036412172,0.07947215,0.067615286,0.027933702,-0.06746797
-0.0018932536,0.011018022,0.023930985,-0.04691527,-0.015223443,0.003609958,0.049911294,-0.07955804,-2.300547E-4,0.15953499,-0.04601462,-0.0020392714,-0.23267753,-0.15779692,-0.07203953,-0.45044848,0.10849255,-0.044987265,-6.223605E-4,-0.18521667,0.17328618,-0.11467447,0.017234964,0.69671994,0.1906529,-0.08422143,-0.14888978,-0.0033672093,0.02579162,0.05520745,0.012820359,0.007144304,0.013143241
-5.046785E-4,-0.028388686,-0.05566787,0.057400726,0.06573025,0.0016623889,0.084950924,-0.095154755,0.0018200362,-0.029228872,0.023278086,0.0019369354,-0.07087642,-0.104514144,-0.012110995,-0.017491298,0.037804503,0.11957549,-0.0016853393,0.12155017,0.18176858,-0.13658588,0.019482898,0.10581779,-0.74051577,-0.00285669,-0.12142838,0.0018293204,-0.2700321,0.26043403,-0.08146907,0.11707002,0.10223706
0.0031851027,-0.002024881,-0.011737851,-0.03805855,-0.08054965,-0.005980579,-0.12561592,0.09869244,-3.2112887E-4,0.073492,0.09748674,0.003228489,-0.0011411919,-0.057710655,-0.017984075,0.02120881,0.034906115,0.07478071,-2.0590192E-5,0.06605897,0.11747562,-0.15325928,0.024539912,0.09128246,-0.41310534,-0.25810882,0.08187398,0.0041633085,0.39542496,-0.46725434,0.22000301,-0.36891678,-0.06255371
0.0040475074,0.011175748,0.01940003,0.0010679304,-0.036147904,-0.005579088,0.024479274,-0.07885123,9.683686E-4,-0.06456262,0.015785856,0.0016430584,-0.0016098582,-0.060622822,-0.010748735,0.06047566,0.073181674,0.026028382,-0.0015633791,0.21894279,0.30570692,0.07352421,-0.017844543,-0.1580876,0.15395835,-0.775069,-0.061099842,0.010938022,-0.008024638,0.18245956,0.13317436,0.27202544,-0.13437952
0.064490095,9.876894E-4,0.0010162153,0.0033857415,-0.0017681697,-0.09082448,0.009427674,-0.0020063927,-0.01727798,-0.0037558782,-0.010247763,0.0026999002,0.005042452,0.013360373,0.003590221,-0.006131899,-0.021932332,0.0054982747,-0.0014915733,-0.0071191485,-0.008667588,-0.010250202,0.012136998,0.052057028,-0.010979812,0.0557583,0.10479058,0.34515536,-0.008902492,-0.010207908,-0.04274603,0.102087766,-0.11379052
-0.005407967,-0.0065941834,-0.018666463,0.01897741,-0.06878855,0.007991009,0.06198717,0.03730212,0.0010384695,-0.024878511,-0.028309377,-5.8325863E-4,0.06858784,0.075369544,-0.0641403,-0.05724983,-0.06395916,0.036826737,-0.0011761908,0.12080961,0.011854479,0.060160562,-0.011353531,0.24209045,0.0919329,0.009677413,0.66745603,-0.03690872,0.04121663,0.2542479,0.14672884,-0.08555647,-0.1720833
0.004655473,-0.014349199,-0.03314823,0.0025176993,-0.042546768,-0.006492208,0.020708138,0.031595536,-0.0019802481,0.018087754,0.013575948,2.566047E-4,7.012577E-4,-0.0055888626,-0.05642975,-0.08228443,0.07421364,-0.074613065,0.008187786,0.025693381,-0.042080745,0.11286336,-0.018944047,-0.16132571,0.17611596,0.0069297026,-0.55007696,0.060143244,0.06543691,0.22662583,0.25271773,-0.4036742,-0.015579313
-4.3877345E-4,0.011039856,0.01994655,-0.0015120023,-0.035432998,7.3210336E-4,0.0063986517,-0.023977147,9.0889045E-4,-0.061936855,-0.010743161,-1.2743118E-4,0.033128884,-0.05499482,0.03643257,-0.03108304,0.045883015,0.01994672,-0.005458664,0.11803483,-0.08943149,-0.03543671,0.0068061375,0.020011233,-0.17262468,0.33889848,-0.19549854,-0.06566663,0.504743,0.30864564,0.28347448,0.33081973,-0.34347117
-0.010750831,0.0010098546,0.0023573893,-1.2917942E-4,2.9863534E-4,0.01293267,-9.0618304E-4,-0.0018428519,0.035030033,-0.0018540384,-0.0011411171,0.008031053,0.0015508775,-0.0013520097,0.0026893313,0.0018327247,-7.9579244E-4,0.0032107013,0.12499784,0.006306962,-0.0012119958,-0.011981823,-0.035275,0.002747187,-0.015021134,0.0092723975,0.015695378,0.92058814,0.050127167,0.03963718,0.01748533,-0.0071425084,0.029801242
0.0010674932,1.9000286E-4,0.0028719595,0.0023380993,0.020836703,-0.0013088176,0.01083696,0.024600497,-0.0011908683,0.022386534,0.016127843,-2.795598E-4,-0.02871751,-0.009437016,0.025173018,-0.027733065,-0.030365165,0.009192136,0.002745114,-0.025690028,-0.04165638,0.043164495,-0.0053286245,-0.07401951,-0.04751164,-0.16517873,0.107403256,-0.028625669,0.5269591,0.4524476,-0.5301055,-0.25350714,0.28164077
0.0014148572,0.0049629393,0.01174995,-0.006101404,0.009132006,-0.0018819047,0.0062804446,0.014093813,0.0018454202,0.011239227,0.03574238,1.4843019E-4,-0.006240303,-0.04178764,-0.012093383,0.027512152,0.08163106,-0.051157407,7.9458964E-4,-0.028712733,-0.03545935,-0.023827285,0.0027488866,-0.056659564,-0.07790644,0.020736,0.2107296,-0.01268753,-0.2979921,0.40377355,0.44775987,-0.38976714,0.041062318
4.286479E-4,-0.0044325027,-0.0094462205,-0.007364596,0.011672591,-7.0318097E-4,-0.01842859,-0.014664902,-0.0011214142,-0.012913355,0.014389045,-6.9472624E-4,-0.049981896,-0.031229129,-0.05954367,0.009994985,-0.034480006,-0.00815097,0.0010746598,-0.05069776,0.025506534,0.10464221,-0.01951197,-0.039535534,0.043221947,0.05087934,0.14213648,-0.0046630893,0.24546848,-0.030835964,0.42768964,0.3701224,0.6567804
5.6521606E-4,0.004534782,0.010895202,0.002897326,0.0077783507,-5.909591E-4,0.018514019,0.02648428,0.002232776,0.004060485,0.037808094,-4.2533525E-4,0.021029886,-0.04605142,0.053714145,0.008849365,-0.058562193,0.01039299,0.0020646064,0.033975866,-0.014598399,0.015821433,-0.00515737,0.07100527,-0.015211881,-0.022283677,-0.0913926,-0.0039556646,-0.07883969,-0.016963424,0.14380294,-0.10220257,0.4031547
7.804325E-4,-0.00354732,-0.007459811,-0.009488459,0.0042589186,-8.845829E-4,0.014301467,-0.009055363,-0.0013267946,-0.009528228,-0.016353656,-0.0021269098,-0.019799294,0.031021666,0.019789344,0.0169804,0.0041245255,0.047260676,0.003953829,0.018851638,-0.0097953575,-0.01889358,0.004025285,0.023936508,0.061116178,-0.016389994,-0.017087458,-0.00830452,0.11450874,-0.091000795,0.12562223,-0.124638155,0.029228974
-0.0014949265,-3.966534E-4,-7.230067E-4,-0.0015129998,9.4107835E-4,0.0032775446,0.0020172324,3.7406862E-4,8.4039767E-4,0.0018653154,-8.9930394E-4,0.03806509,0.0021892095,6.590009E-5,0.0037181634,0.0017817735,-3.3939956E-5,-0.0013128113,-0.035058316,-6.809792E-4,-5.823197E-4,-0.009160175,-0.052743133,0.0014218857,0.00365017,-0.0034621553,5.2705454E-4,0.019373631,0.009383008,-0.002758156,0.007135482,0.011468978,-0.027772676
-1.1943888E-4,0.0038291374,0.0072647487,0.0188472,-0.019637452,1.8182374E-4,-0.0012218878,0.017999332,0.0010403353,0.008671551,0.010659194,9.341027E-4,-0.00652346,0.0068360316,-0.0035565947,-0.012871251,-0.025803506,0.03090282,-6.5876474E-4,0.018413922,0.022592122,0.035011623,-0.010777613,0.003547099,-0.034706075,0.046115402,-0.070573755,5.4501626E-4,-0.10444062,0.0176063,-0.072036974,0.031871103,0.17441472
-4.9157694E-5,0.0034982946,0.0060576093,0.0027060357,-0.008727131,-2.0768607E-4,-0.035274282,-0.015395549,-0.001854826,-0.028019795,-0.02386107,2.920918E-4,-0.038011808,-0.0056903716,-0.005649599,-0.047812138,-0.037224185,0.053314555,0.0012867366,0.0064810156,-0.04403171,0.022446327,-0.004729788,-0.050038446,-0.047045786,-0.010904812,0.015963472,0.001398031,-0.12197493,0.062859416,-0.005809246,-0.0946724,0.033948794
5.325031E-4,-0.0014066498,-0.0029076233,-0.009034814,-0.0025530797,-9.1113814E-4,0.004142594,0.008379013,8.398908E-4,-0.0047699595,0.007790701,0.0016754041,0.04182108,-0.03911606,0.047590762,-0.04089114,0.013146138,0.011985997,0.0033172555,-0.007104619,-0.020283,0.0370412,-0.007375193,-0.012038044,-0.005521826,-0.019914035,0.030606898,-0.0017280582,-0.058268834,-0.024464166,-0.042284545,0.07373216,0.041044816
-5.144888E-4,-0.0014626392,-0.0026309073,-0.0012759737,0.0034098378,7.823369E-4,0.0054384116,0.012845096,-0.0016805358,0.029385557,-0.0049152314,-0.0010837446,0.033372946,0.003530244,0.014475301,-0.030310376,-0.016836047,-0.031488594,-0.004901799,-0.029848987,9.2079735E-4,0.025787514,0.001684225,-0.027028475,-0.039970785,-0.061023273,-0.0018411572,0.0053678467,-0.0037174048,0.026488021,0.05415524,0.15786809,-0.1006484
1.2634535E-4,-0.0014999706,-0.0031908832,-0.009450353,0.004831277,-2.173991E-4,0.0036390387,0.005151927,0.0022012168,-0.016714178,0.001786183,-4.7503898E-4,-0.007516341,0.011223497,0.046389613,-0.0057878303,0.019405318,0.0071204617,0.0021799535,0.026410373,-0.0010779905,0.019906538,-0.0069765216,0.031378154,0.016050084,-0.0012560083,0.0033136222,-0.0013543097,0.0028563107,-0.028290357,0.007064131,-0.01880894,0.02267319
-0.0027552727,3.5350793E-5,5.321282E-6,-8.302518E-5,1.5080758E-4,0.0038365673,-0.0028023892,2.675246E-4,3.145473E-4,-0.004344195,5.582489E-4,0.0065138526,0.0032163197,-5.7889505E-5,0.004921569,-1.6607177E-4,0.0011483931,0.005044423,-0.04653313,0.0027985256,0.0049334783,0.0074053747,0.05696481,0.010340443,0.0061637834,0.0034664122,-0.005761618,0.044259675,-0.0032746522,0.008951296,-0.004495274,-0.0063082012,0.013522185
9.0656096E-5,-6.546777E-4,-0.0016484086,0.002281732,-0.0044746194,-3.4387933E-5,0.0061635324,0.014534998,-0.0019238674,-0.01429056,0.0015649576,-6.54173E-4,0.0390509,0.010415028,-0.007358604,0.014752891,0.025448848,-0.010684501,0.0034386858,-0.012095524,-0.008752981,-0.023575306,1.4923152E-5,0.081940785,0.0060662846,-0.03951187,-0.06780387,-0.0015436842,-0.006853679,0.02216633,-0.03664928,0.057875805,0.14538749
3.670745E-4,4.3861335E-4,-8.401318E-5,0.0108882105,-0.0124665,-4.5978755E-4,0.0050680363,0.0025829936,0.0036707371,0.015179542,-4.8609386E-4,0.0013826195,-0.04113074,0.015971169,-0.017827753,0.0024861116,0.030464938,-0.0250036,0.0012281438,0.016671315,-0.03430546,0.01628989,-0.0040555475,-0.034499917,-0.024195995,-0.001235802,0.027698234,-0.0031747955,-0.010913382,-0.054050323,-0.03928878,0.06380939,0.015990602
5.610437E-4,-0.0016824867,-0.0058452487,0.017939406,-0.025272561,-8.964997E-4,-0.014600362,-0.01298216,0.002742333,0.0104099335,-0.006230842,4.4711857E-4,-1.9543942E-4,-0.00818951,-0.02315694,0.02156241,0.017909663,0.02280155,0.0010691351,-0.012889891,-0.026808945,0.015277905,-0.005201989,0.033656865,0.034887906,0.007170366,-0.022234209,-0.0041913996,-0.024643412,0.02199541,-0.08117762,0.053747997,0.07639672
-5.52065E-4,0.0031180647,0.008261716,-0.0049199695,0.0017948855,0.0010891506,0.03073087,0.015705781,-0.003792353,0.0019066962,-0.0035640716,-7.0254045E-4,0.0099287685,0.025779875,-0.009496023,-0.0033859853,0.012713322,-0.015450858,-0.002091652,1.2391123E-4,0.007947373,-0.011416984,0.0055351625,-0.02297913,-0.067360476,-0.009593382,-0.017448854,0.0053528887,0.008519701,-0.06450026,0.016953481,-0.019540966,0.07769334
0.0040218956,1.4750531E-4,4.0162524E-4,-0.0028239286,0.0052279867,-0.0073753335,-0.015103255,-0.0011234764,0.049531557,-0.006910085,-0.0072756363,0.014132836,0.011681701,0.017529141,0.010018976,-0.014866195,0.0022022466,-0.023816245,0.039322745,0.0037219117,0.03293329,-0.019709235,-0.02575628,0.005690699,-0.0044897846,0.011251206,-0.0027696386,-0.061611623,-0.012924245,0.050988548,1.964214E-4,-0.0043749725,0.041438743
0.0010554575,-4.908037E-4,-6.6685746E-4,0.014643431,0.005342884,-0.0017116034,0.015293574,-0.008649039,0.014271886,0.019127723,-0.009174042,0.0041340343,0.012507667,-0.005060956,-0.008927631,-0.011573472,0.0015336896,-0.026496436,0.012604932,-0.024230935,-0.02260428,0.008861964,-0.009481024,-0.028646406,-0.01525608,-0.046125244,0.026113838,-0.01858918,0.08252074,-0.11054847,0.069344655,-0.032833446,-0.059603952
-0.0019519796,-3.9409127E-4,-7.8841415E-4,0.005343074,0.008153279,0.0031582974,-0.02006926,-0.01067632,-0.02160964,8.248143E-4,-0.01780542,-0.0061635254,0.02369097,0.02375084,0.0049286536,-0.024488708,0.009920328,-0.0638171,-0.013275741,-0.0069720475,0.03826232,-0.013380537,0.016301015,-0.005325907,-0.01635318,-0.006237639,0.017487856,0.022257406,0.028084837,0.027680147,0.025963355,-0.010090003,0.017448237
0.0052568195,1.3819721E-4,3.860349E-4,-4.8469476E-5,1.4652955E-4,-0.0067429096,0.0021637143,-3.072199E-4,-0.01518586,0.0011005803,-0.0012848999,0.008029028,-0.0018836252,0.0025945993,-0.0010755004,7.536617E-4,0.001326778,-0.0014081283,0.008798151,2.6517984E-4,-4.2810207E-4,7.3562365E-4,0.020541754,-0.0029961802,-0.0029482846,-6.5544684E-4,-0.0014887203,-0.016682733,0.0030743117,-0.0025216392,0.0069127325,-0.01271861,0.02519315
-4.8966054E-4,-3.5784158E-4,-0.0011383682,0.0026686734,0.0030324128,5.2575226E-4,-0.005501646,-0.0023898701,-0.007480061,-0.001541581,0.0016883845,0.003593223,0.013490456,-0.015149349,0.0065841847,-0.01863065,-0.020996649,0.0064180447,0.029422177,-0.006623958,0.011179916,0.016734162,0.022638394,-0.0052659316,0.008786947,7.812972E-4,0.0040333113,-0.0075195297,0.005159844,-0.005272891,0.0137749715,-0.015926315,-0.037905253
0.0040204427,-1.01078906E-4,-2.6213453E-4,4.771772E-4,0.0012231285,-0.004904261,-0.0012357326,-4.080974E-4,0.023480346,-4.2947129E-4,-3.405275E-4,-0.008762182,0.0029932708,-0.0027744863,0.0014274502,-0.0046041426,-0.006236972,-3.6170392E-4,-0.10131555,-0.004828073,-0.0010255688,-0.012370768,-0.092898786,-0.0016936655,0.0010195579,-0.004375471,-2.0320654E-4,0.016529847,0.005997001,0.0020373971,0.008566894,-0.013795223,0.0022150779
-3.9064133E-5,0.0010117515,0.0016388008,0.003027372,-0.0053169224,-5.4937234E-5,-0.004268748,0.0027444258,0.0023887127,6.551111E-4,0.0073137176,1.3581853E-6,0.0014574714,-0.0017957322,0.009177197,0.015173618,0.00882715,0.012121492,-0.004897454,0.0055139577,0.0077008707,-2.0694407E-4,-0.0030948913,0.028626373,0.010966151,0.02006994,-0.01826113,0.0018323956,-0.018494587,0.027108727,-0.026448686,0.0025679548,0.036990523
2.0430447E-4,4.729237E-5,2.6349333E-5,-4.140934E-4,0.003960848,-2.2181399E-4,1.6153883E-4,0.0015580271,8.022488E-4,-0.0025673048,0.0056593297,4.9398135E-4,-0.018567199,0.012239681,-0.033823807,0.026830064,0.032628693,-0.015530436,0.0010082126,-0.014108965,0.0014642472,-0.024579661,0.0020634604,2.1317176E-4,0.00600049,0.005190672,0.012933218,-0.0019057222,0.023243276,0.013970411,-0.012317079,0.015274987,-0.023156418
1.9876595E-4,-7.0031633E-4,-9.1608585E-4,-8.9117733E-4,0.0030717512,-2.427228E-4,0.00771643,-0.0030691586,5.287762E-4,0.012843825,0.0031391408,3.2916034E-4,0.0024883132,-0.005340006,-0.0035813812,0.004509263,0.002668026,-0.010440181,-0.0013611472,0.004037761,0.005500045,-0.024797529,1.5401572E-4,-0.025444312,0.01422335,0.010522524,0.019931383,-0.001284047,0.022046493,-0.01577862,0.005910646,0.003948391,-0.009063698
3.036309E-4,-2.272401E-4,-0.0013691915,-0.0051247347,-0.0018440884,-2.7860148E-4,-0.0070202705,-0.005833056,-0.0021129816,-0.0018435665,-0.005702374,6.4645417E-4,-2.2049414E-4,-0.0077756057,-0.003350042,-0.0063174856,0.011462205,-0.022658478,0.0019980455,-1.8488383E-4,-0.029992577,-0.0073359064,0.002321563,-0.011844517,-0.01242783,-0.018560302,0.020416072,-5.120785E-4,-0.021942975,0.01480999,-0.021316223,0.028768167,0.01326108
0.0050055846,2.6676024E-4,5.8221247E-4,0.0020810603,8.67109E-4,-0.006656126,0.0014016377,0.0034364809,-0.0044013746,3.161342E-4,0.003416979,0.013137449,-8.6748047E-4,0.0024528839,-0.0013388637,9.951471E-5,5.279171E-4,0.0076972544,0.022176875,-0.0015950205,0.010308211,-0.00476442,-0.008499239,6.201856E-4,0.0060597076,0.0076521817,-0.006544344,-0.028182173,0.0025936316,0.0029745265,0.0055549867,-0.008288988,0.013139665
-7.1535766E-4,-0.0013257249,-0.0023986069,0.002600641,0.0068011945,7.824682E-4,-0.0055817743,0.015237939,0.0043023652,-0.011695038,0.01886471,-2.9837704E-4,-0.0029706135,-0.015962766,0.0011499191,-0.015629288,-0.0010315937,0.001973938,0.0030181888,-0.0031919791,0.0039513,0.014177896,-0.0012642817,0.0058491756,0.023470923,-0.0045976406,0.009019027,0.001230848,-0.003932607,0.0042952336,-0.0030337414,0.03795358,-0.06738546
0.004195128,-3.344435E-4,-0.001044087,-0.0023551546,9.949529E-4,-0.005027201,-0.0031585053,-0.0020372802,-0.01303658,-0.0057492577,-0.0017794475,0.012644951,-2.4458146E-4,-0.0018188889,0.004125035,-0.003555689,0.003323257,-0.005189937,-0.0011804785,6.537236E-4,-0.00456615,0.0037375714,0.0013254129,0.0031694244,9.718495E-4,-0.0036123425,0.0049970364,-0.00897184,-0.0024346348,0.0032086666,-0.0016239315,-0.008373794,0.012154009
-2.2114762E-5,-0.0010640061,-0.0025097262,-0.005162685,4.751435E-4,8.9755624E-5,-0.002677742,-0.007372786,-0.0010394865,-0.009754684,-0.0041534686,-0.0014017302,-0.004037291,-0.0049009547,0.009641946,3.1123843E-4,0.0028529302,-0.003070285,-0.0029503347,0.0054463944,-0.0147380885,0.012662997,-0.0019683975,0.010311412,0.0048256065,-0.007415847,0.009057978,0.0026718087,0.004010327,-0.013817879,-0.0062820246,-0.017635532,-0.005053377
0.00129161,2.1377842E-4,5.45159E-4,0.0012452656,-3.5261456E-4,-9.7468565E-4,0.0010943734,0.0017894399,-0.015032397,0.0026181298,0.001838403,0.0012337543,-1.6736725E-4,-0.0012083789,-0.0021483684,0.0015844831,-0.0014567666,-0.0037453228,-0.015534489,-0.0015427069,-0.0016135912,0.004731338,0.007849654,8.6043024E-4,-0.0047640293,-0.0021502937,-0.0027118472,0.009618475,-0.0020871107,0.0013000381,2.2886392E-4,0.0044927844,0.0024934136
-8.8440785E-5,5.410126E-4,0.0011851325,4.3463864E-4,-0.0019965547,1.8023538E-7,0.00299684,0.009680954,0.0017790056,-0.0019138368,0.004030867,7.287026E-4,0.008122353,-0.006669171,-0.0015320037,-0.020490626,0.0010554879,-0.004900709,-6.3781394E-4,0.0010019413,-0.008405431,-0.0024782927,-8.144186E-4,-0.017639529,-0.012638828,-0.008685373,0.004116865,5.184399E-4,-0.016725369,-0.008891425,-0.013395379,0.028135957,0.012762296
-1.2803353E-4,-2.853872E-4,-9.994842E-4,-0.0029321255,-0.0015767304,1.8537622E-4,-0.0020733648,0.0063952464,-7.455954E-4,-0.020868713,0.006771263,-0.0017081402,0.0048376177,-0.0032573123,-0.0062360642,5.8158045E-4,0.016619243,1.6301563E-5,-0.0031023822,0.006330402,-0.001083913,-0.010359833,0.0021851026,0.024588175,0.0127191385,0.004529607,-0.009426382,0.0034382641,-0.012281325,0.0031166403,-0.03543815,0.0056050722,0.033701483
1.2861918E-4,4.2465658E-4,7.6574285E-4,-6.352505E-4,5.221726E-4,-1.4091448E-4,1.9939622E-4,0.0062744175,-8.127748E-4,-0.0105771255,0.0082796635,3.8159994E-4,0.011368177,-0.0117857745,0.0053928318,-0.006294123,0.010608402,0.005752775,4.937361E-4,-0.002692185,0.0014112219,0.002247797,1.4099326E-4,0.009564759,0.0050077867,0.002988541,-6.5761694E-4,7.3823106E-4,-0.009705195,-0.001245544,-0.013958742,4.1698237E-4,0.012139941
-4.2097483E-4,6.8426563E-4,0.0013624032,-2.3387845E-4,0.0068583884,4.1277887E-4,-0.010670118,0.0026912545,0.0011356781,6.928085E-5,-0.0039611934,-6.2455883E-4,-7.877744E-4,0.025807193,-0.003936441,0.008346467,0.0057667866,0.015808702,-0.0016781356,-0.014490599,0.032969337,-0.024895117,0.0046180217,0.01061138,0.008005315,0.0074440227,-0.015215969,6.9367513E-4,0.005076075,0.06009723,0.02585692,0.004127824,-0.004114176
-1.7194934E-4,-6.7364273E-4,-7.454879E-4,-9.002422E-4,0.002661579,1.6846429E-4,0.0013772172,2.2399984E-4,0.003448937,0.0075359093,-6.49891E-4,0.0017234413,-0.0068100835,0.007230293,0.02439622,-0.005365188,-0.0011783805,0.024194665,0.002538316,0.01477692,0.011616503,-0.016554188,0.0010056463,-0.016940815,0.023719676,0.013445268,0.008964695,-0.0023915288,0.0052740024,0.0040570237,0.022012144,-0.0016814843,9.760471E-4
-0.001614245,-3.833944E-4,-0.0010450953,7.2307035E-4,1.5377133E-4,0.0012324678,-0.0032567668,-0.0014312629,0.022365373,-0.0012464997,-0.002555114,0.00810138,0.009174851,-0.0031335552,0.0082008885,-0.014304111,-0.0027635435,-0.008320359,0.0125198625,0.0038009791,9.6090895E-4,6.034933E-4,-0.012522516,-0.0032866208,1.0523175E-4,-0.003561288,0.0054536094,-0.010022579,-0.0031712104,-0.006381412,-0.0019664147,0.005576276,-7.0546295E-5
-0.0013909832,6.1551115E-4,0.0015387235,0.00277797,2.5007207E-4,0.0011946814,0.0020485716,-0.001179103,0.015729714,-0.0030668722,0.0017991522,0.0065885065,-0.006556333,3.3143937E-4,-0.011247892,0.009735141,0.00849685,0.009680875,0.0117663415,-0.006238596,-0.0028832762,-0.0050169392,-0.0064904653,0.0024313862,0.0015092292,0.0032514688,-6.3976063E-4,-0.007528529,0.009165474,-0.011194683,-0.0022825345,-0.014939335,-0.006935064
9.5393456E-4,5.2283995E-4,0.0012150016,0.0074227825,-7.506166E-4,-9.602886E-4,-5.8231375E-4,0.0017355082,-0.0017569544,0.008201586,-0.0037419852,6.5765873E-4,-0.0132081965,0.020491056,0.0040296423,0.00950337,-0.0017784445,0.0010303807,-0.0042738314,0.0016271268,0.0038424963,0.0076153823,-0.00527335,0.01483169,-0.0059148064,-0.0053839297,-0.016415894,-0.0016224599,0.010133697,0.003927047,0.021012848,-0.0015834799,-0.0037922752
-8.427923E-4,-2.5403278E-4,8.213861E-5,0.007418092,0.004890817,9.3709235E-4,-0.005095714,-0.0064375075,-3.3463304E-5,-0.0010327641,-0.0013401053,-0.0070318743,0.011540192,-0.006011711,0.0074154534,-0.0022167321,-0.0060908413,0.0013394366,0.0021674503,-0.003798441,0.007312845,-0.007224196,0.013406791,0.011053096,0.017108912,-0.003186987,6.219301E-4,0.002421048,0.022734977,-0.0063789096,0.023886312,-0.03140712,-0.008999862
-9.167773E-4,3.7554157E-4,5.530687E-4,-0.0026982913,-0.004434775,9.2504744E-4,0.0030688376,0.00879111,0.0012824994,0.0035935359,0.0016349518,-0.0050306395,-0.015130114,0.0151193105,-0.0050461264,-0.0041639046,0.015192071,-0.0016828178,0.002560462,0.002953868,0.006813955,0.0117340945,0.005364874,-0.020668708,-0.018077008,0.011392179,0.005719028,0.0024721192,-0.01814583,0.004380409,-0.019431908,0.03658983,0.004215005
-4.7558133E-4,1.5153257E-4,-2.0826011E-4,-3.5388794E-4,-0.0047310935,4.883119E-4,0.0037934459,1.9379647E-4,0.0011405702,0.00981812,-0.0025694645,-0.0028424053,-0.0066731405,0.004729947,0.0040197656,0.011792721,-0.011857054,-0.003062548,0.0032187917,0.007654202,-0.01069639,0.010946205,0.0021836774,0.011591661,-0.0074760783,-0.0074780863,-0.014361749,-2.1825661E-4,-0.005522899,0.005099728,0.0024536534,0.011359939,-5.1729067E-4
-5.722495E-5,3.5950606E-4,4.946575E-4,-0.004586614,-0.0015077248,1.3237704E-4,0.004023313,6.327312E-5,0.001407236,0.006641007,-0.0054627806,3.6593617E-4,-0.009787953,0.017882464,-0.004560763,0.013015152,-0.015722262,-0.0028910676,-0.0010577795,5.697184E-4,0.0086222915,0.014781343,-0.0043687862,0.0075442255,-0.019593194,8.048595E-4,-0.019232947,-8.17779E-4,-0.0014949333,0.011132518,0.0065055043,3.4399232E-4,-0.009053194
3.2491627E-4,-5.603521E-4,-8.5616944E-4,0.002575848,0.0020668088,-5.2711606E-4,-0.002938392,0.010149577,-0.0018552423,-0.008865485,0.008591879,-0.0011288802,0.011163478,-0.0044036056,0.0034400234,-0.008085639,-0.007525212,0.021078583,0.0017428178,-0.0040917546,0.015121548,-0.0019913036,0.0016380121,0.018167226,0.021225322,0.0024105518,-0.018185867,-9.551619E-4,-0.0040883184,0.015084264,0.0027916098,0.008576338,-0.0048724227
-2.2445928E-4,-3.5437744E-5,-3.6068144E-4,-0.0019232106,-0.003442663,-3.3859283E-4,8.651607E-4,-8.626694E-4,0.0038611575,0.0051502096,-0.0046340264,-0.0012618718,-0.003196857,0.006357847,3.1764898E-4,6.301544E-4,-0.004683,-0.007717788,0.0107365595,0.0038471005,-7.2002335E-4,0.008188432,0.002872056,-0.0034265523,-0.011316009,-0.0010589344,-0.0031341524,-0.005614182,-0.006556052,0.003205113,-0.0033348566,0.009446078,0.0042342413
0.0014251252,3.968742E-4,7.422264E-4,0.0030784314,0.0028331496,-0.002003358,-2.0241392E-4,0.0017512832,-0.0020743858,-0.0065978486,2.1896887E-4,-0.008080345,0.0034491718,1.9962726E-4,0.0041470756,-0.013218222,0.0010684856,0.009230117,0.0021769323,-0.0012826408,0.0038919256,-0.002408623,0.0040650996,-0.0048578857,0.0028949277,-0.0015105567,0.0016854218,-0.0035780505,0.0059793307,-0.012463711,0.011335914,-0.017139215,0.005851319
-2.296819E-5,-6.1014225E-4,-8.416216E-4,0.0032834196,0.004046101,2.1563199E-5,-0.0048108497,0.003399393,0.0039671855,-0.010310452,-0.0013715645,0.004503013,0.0049316958,0.0017968586,0.006376884,-0.011275136,-0.0022326685,0.009856103,-0.003131725,-0.0016135429,-0.0019770516,-0.007511931,-0.0013273722,0.012101945,0.012815438,-0.01438785,-0.006943436,-4.0993522E-4,0.0064066653,8.390358E-4,0.01636599,-0.004246773,-0.0034497092
0.0010446508,4.2449756E-4,0.0012945617,5.697236E-4,0.0027137364,-0.0015908383,0.0039615706,0.0013382444,0.002790549,-5.1382155E-4,0.0012374257,6.679642E-4,-0.0052475673,-0.0049720486,-4.754392E-4,0.00735973,0.0034944832,0.0044700974,0.0028628667,-0.005325134,-0.021731455,-0.001684992,-9.189286E-4,0.0057942085,-0.0022971684,-0.018498406,4.832203E-4,-0.0053230356,0.006037838,-0.008037136,0.015277282,-0.0053351396,-0.010876221
-1.6029851E-4,8.008129E-4,0.001226112,0.0023130602,-0.0011386349,3.475135E-4,0.004658125,0.006686888,0.0023725396,-3.5549715E-4,0.0054962463,0.0014034853,0.007903034,-2.6455362E-4,0.011548541,-0.014335434,0.005676208,0.012601685,-5.412332E-4,0.00479643,0.013509355,0.0023471613,-0.0025841768,-0.008750707,6.0164987E-4,0.014292317,-0.0010103504,1.7726645E-4,-0.007981386,-0.014978555,-0.005852936,-6.00348E-4,0.021333195
0.0012761669,-1.4909882E-4,-6.985048E-4,-3.8987224E-4,-5.757254E-4,-0.0018579807,-0.00523737,-0.0050423592,6.073563E-4,-0.002086238,-0.002155109,0.0010936381,0.007792045,-0.0018296234,-0.008766441,-0.0035293796,-0.0066424403,-0.009610937,0.0027420053,-0.001912605,0.016314201,-0.006111178,-0.0016257347,-0.0055527706,0.0024960137,0.013152762,0.0023387081,-0.0063619,0.001994996,0.008320086,-0.009741471,-0.011746089,0.007802224
-0.0014322454,4.4392064E-4,9.3959534E-4,0.0032278304,0.0030025842,0.0021803486,-2.899519E-4,-3.3546756E-5,-0.00945952,-0.0042670225,-2.3290516E-4,0.004990723,0.004711006,-0.0041033295,8.210434E-4,-0.0067991884,-0.0070644035,0.001832088,-5.629788E-4,-0.0011914917,-0.0027043128,-0.0042125364,0.0038646252,0.0017263201,0.0015215768,-0.008116814,-9.431034E-4,0.007361214,0.010638177,-0.0107946955,0.0132353315,-0.017456586,-0.0078152185
-5.617931E-6,2.0291744E-4,4.150039E-4,0.0012818369,0.0011850043,-4.9922254E-4,8.694184E-4,-0.0010712491,0.015138766,-4.5828824E-4,7.20961E-4,-0.008464224,-0.0012043127,-0.001601418,1.166739E-5,0.0016049229,-0.0017266172,0.0014074064,0.0040577776,0.0011456667,-0.004659835,-0.0036001648,-0.0030868365,0.002525257,0.0023316522,-0.0028713564,-3.4307528E-4,-0.006604184,0.0061187255,-0.0075310054,0.0045834854,-0.008770051,-0.0040242467
1.3652578E-4,8.905942E-5,3.4667866E-4,0.003101181,-7.020346E-4,-1.5547694E-4,0.0025169079,-4.4410923E-4,-0.0022068108,-1.4393374E-4,0.0023275728,2.723354E-4,-0.012680153,0.005471714,0.0022069376,0.008537177,0.009069778,0.008128138,0.0018899178,0.008300751,0.004405347,-6.294433E-4,6.826384E-5,0.002563389,0.011057529,0.013512259,0.0013438753,-5.545545E-4,0.011128258,-0.013967181,8.038196E-4,-0.014448587,0.0033488076
3.5137733E-4,6.3737284E-4,0.0013666333,5.3922937E-4,8.7410957E-4,-2.5229502E-4,0.002845658,-1.9662116E-4,-0.008473699,0.0025116599,0.0019576296,0.0040272726,-0.0048641986,-3.0847586E-4,-0.0024664116,0.011206352,0.002715327,0.008705674,0.0061152014,-0.005424619,-0.0014834498,-4.8303127E-4,0.0024185956,0.002597284,4.7863502E-4,0.001670098,-0.0018200203,-0.0010588701,0.0050041704,2.4846778E-4,0.006406549,-0.008738922,-0.006565075
-0.0010094172,-3.76242E-5,1.6206667E-4,1.914245E-4,1.3445645E-4,9.72777E-4,3.040604E-4,-0.0028056006,0.010250158,8.143141E-4,-0.0014591545,-0.010822566,-0.0034763569,0.0011957574,-9.082079E-4,0.0057044616,-0.0016964223,0.007176288,0.0019008041,-2.061552E-4,-0.002375982,-0.004675684,1.21703895E-4,4.8651404E-4,0.0044566323,2.745987E-4,5.3557156E-5,-1.3324553E-4,0.0049101636,4.201992E-5,0.005566002,-0.0073477672,-0.005600552
-2.4121655E-4,5.048421E-4,6.487567E-4,-5.848802E-4,3.2589454E-4,4.616331E-4,0.003115071,0.0025688778,0.0040158103,0.0040876325,0.0031838946,9.465235E-4,0.0011128328,3.2090998E-4,-6.4833387E-4,0.0057550916,0.0062297364,-0.0024827458,-0.0042539607,-0.005163457,-4.4866477E-4,0.0010618789,-0.0043306444,0.0015665011,-0.00488451,-8.5483573E-4,-1.0458071E-4,0.0013143192,-5.6608184E-4,0.002484326,-9.588031E-4,0.009102398,-0.004025988
-2.5079135E-4,-1.8896308E-5,-3.2516138E-4,-0.0011940273,6.2893913E-4,1.8819122E-4,0.0019572244,0.00420948,0.0018707426,-3.74499E-4,0.0037957965,-0.006506094,0.0029872751,2.8470595E-4,-0.0035626087,-8.411185E-4,0.0048069744,-0.0071322755,0.0035389308,-0.0025990957,0.0031978318,0.0026687218,0.0029728292,0.0011995439,-0.0037311013,-1.7054E-5,-2.378959E-4,-3.1354727E-4,-0.0028086803,7.475173E-4,-0.007762932,0.015025583,-0.002758502
7.148306E-5,-4.762296E-4,-0.0010390929,7.5170485E-4,-7.1393035E-5,-1.5752221E-4,1.3927574E-4,-1.8140872E-4,4.256643E-5,8.5983064E-4,-0.0026298962,-7.3343376E-4,-0.008008153,0.010850163,-0.002284036,0.008582724,-9.408189E-4,0.0023196435,-4.6121556E-4,0.0029905273,-5.6353415E-4,-0.00675958,7.0941757E-4,0.0087403245,0.0068640625,-0.0038975629,-0.008273136,-5.622296E-4,0.006874222,0.00584379,0.009102253,0.002516702,-9.750068E-4
-7.919502E-4,4.4010187E-4,9.2888816E-4,0.0020231311,0.0021387073,0.0010426281,-0.001520889,0.0027243583,-0.0039712223,-0.008975248,0.0017527329,0.005623941,-0.006422479,0.0010380594,-0.009872885,-0.0061605596,-0.0017200989,0.007990758,0.011176447,-0.0020042497,0.0033316938,-7.906592E-4,0.0031636022,-0.004074326,0.0012744395,0.0019998807,3.7032962E-4,-0.0010193611,0.0040713185,-0.006790442,0.0025862416,-0.011799189,-0.011402077
-9.993388E-4,-6.523053E-4,-0.0012745048,-0.002102868,-0.0011573238,0.0015676493,0.0018219303,-1.1074949E-4,-0.008585342,0.0046383366,-7.544529E-4,0.007663577,0.0045679584,-3.489841E-4,0.0044827512,0.0036552814,0.004656228,-0.006763694,0.015649075,0.0010652825,-8.5931265E-4,-3.5036512E-4,0.0056610317,0.0016354234,0.001593336,-9.899336E-4,0.0022850903,-6.6957896E-4,-0.0020955668,0.004079709,-0.0042581074,0.015847813,0.003660621
2.5077736E-5,3.206268E-4,6.6407135E-4,0.0025700836,-1.2339269E-4,2.570938E-5,-0.0031714593,-0.003082154,3.16134E-4,0.0026606105,-0.005515353,0.00413465,6.26708E-4,0.004696145,0.0043440117,-0.002370076,-0.0043194667,-6.2122033E-4,-0.0024848902,-5.0340523E-4,9.647165E-4,0.0024864848,0.0026767226,6.232684E-5,-0.004387719,-0.003885809,-0.0015520166,6.8353995E-4,0.0029906754,0.0023497425,0.011476717,-0.009539332,0.001295794
-9.6341677E-4,8.643278E-5,1.0832913E-4,5.781304E-5,-8.364356E-4,0.0012332599,-0.0025175218,-8.325986E-4,-0.0050618188,0.0032727455,-6.383328E-4,0.0036516371,8.686588E-4,-0.0022264107,0.005896857,-0.0012921783,-0.0038810147,7.7906874E-4,0.0138021605,4.8428526E-4,-7.422476E-4,0.0053291703,0.005050884,-0.0013129285,-0.0016372247,-1.2618533E-4,0.0014131638,-0.0011216985,-0.0058197947,0.0075861653,0.0018772996,0.004478584,-0.005225019
3.0616947E-4,-1.7495497E-4,-6.7578536E-4,-0.0036935317,-8.1917073E-4,-3.239451E-4,-0.0026338394,-4.6705504E-4,2.6967854E-4,0.004165829,1.0725527E-4,-7.209195E-4,-0.007913307,0.001254891,0.005530498,0.002775954,0.0034886037,0.0012767891,-0.0046227193,0.0028622132,-0.0063555255,-4.1623772E-4,-0.0024426929,-0.006352272,-1.7009936E-5,4.1766954E-4,0.007238778,0.0011286492,-0.00882966,0.014826539,-0.0026838381,0.013818375,-0.0041895066
3.0412758E-4,-1.3498103E-4,9.253108E-5,0.002294309,2.6212004E-4,-6.502537E-4,-0.0018109003,0.0016960544,8.33367E-4,-4.7630406E-4,2.944675E-4,-0.003772336,-5.0892744E-5,-6.902053E-4,-0.0064735897,-0.002778674,-0.0046200547,-0.0012396767,-0.0026387344,-0.0071692886,0.0048173633,0.007727838,-0.0062993765,-0.0016231573,-0.0028038758,-0.0011451776,-0.0014572537,-6.8710424E-4,0.002654275,0.0011380954,0.0038726619,9.2546584E-4,-0.013376226
8.5420074E-4,1.7107355E-5,-2.096412E-4,-5.8016425E-4,9.6653464E-5,-0.0014215797,-2.901541E-4,-0.0010916826,0.0035682637,0.0017928719,-0.0012568006,-0.0013297488,0.0024349694,-4.1176577E-4,0.0042352714,-5.547276E-4,0.00227168,-0.0035659734,-0.007829832,0.0015222307,-0.0027817928,-0.0049596415,-0.0037126828,-3.8649395E-4,6.906302E-4,-0.0024517367,0.0016418938,-9.2718215E-4,-4.9384736E-5,0.001016496,0.0014596131,1.5112445E-4,0.008127605
8.858652E-5,-3.3628521E-4,-9.040339E-4,-5.3793436E-4,6.0412526E-4,-2.4644288E-4,-4.757594E-4,-0.0054150578,0.003025957,-7.5354823E-4,-0.006247007,1.3905903E-4,8.906395E-4,0.0072604413,-0.0025444282,0.004275264,0.009461116,-0.010822191,0.0021076584,0.0013680097,0.0023819944,-0.009500805,0.0069829742,-5.205248E-5,0.0030605732,0.0013271556,0.005682883,-0.002029423,0.013097806,-0.006263719,0.0014703476,-0.01055446,0.012017887
-9.2201703E-4,-8.783378E-6,-1.5507695E-4,-0.0011488163,8.495516E-4,0.0014348761,-0.0015867391,-7.797969E-4,-0.009495383,-0.001489556,-0.0014087528,4.8025697E-4,-0.003126401,0.003333121,-4.6226874E-4,0.0021079152,0.0034385435,-0.0039790827,0.0053181658,3.603649E-5,-0.0013710841,-0.002710994,-0.01042205,0.0019769336,-0.0022427952,-0.002844198,0.001013273,0.002540439,3.7535778E-4,0.0036518846,2.267262E-4,0.0022395249,-0.0037072904
-8.832826E-5,1.9280506E-4,-2.5859455E-5,-2.1030387E-4,5.2665774E-4,3.3718246E-4,0.0011713926,-2.9380686E-4,-0.0022955535,-0.001854146,0.0013462359,0.0012162062,-0.0026856752,-5.9905794E-4,0.0026763694,-0.0020557977,-0.0047651054,-0.0018223494,-0.0016654261,0.008566132,0.003272951,-0.0017888246,-7.813665E-4,-0.0016707059,0.004372821,0.0063370126,0.0012259037,0.0018227241,0.002067265,-0.0077070175,2.463813E-4,-0.0097143045,6.13965E-5
2.384112E-4,1.3258937E-5,-9.7711585E-5,4.3141804E-4,0.0014014308,-7.729209E-4,-2.3248361E-4,0.0027343712,0.012259153,-0.0030967044,0.0031422158,-7.7443256E-4,-0.0045257723,-1.9342183E-4,0.0012270451,-0.004459991,-0.0019152404,0.0017254021,0.00722125,8.710984E-4,0.0022554216,0.006718326,-0.001142177,-6.022207E-4,6.7132054E-4,0.0011679574,0.0013767928,-0.007354002,4.2955368E-4,-0.0031506575,0.0013485092,3.7473234E-4,-0.0131390095
-9.610704E-5,-4.8588005E-5,-1.4783721E-4,0.001539407,9.718231E-4,4.6021293E-4,0.0022999395,0.0035699634,-0.004958729,-0.0024543656,8.886986E-4,0.0020471346,-0.002082742,0.00421891,-1.590433E-4,-0.0029771286,-0.006354423,-5.6394936E-5,-0.0071386276,3.555111E-4,0.0038495855,0.008617149,-0.0012664349,0.0048524546,-0.0029282027,-0.00326736,-0.007017449,0.004746889,0.0048512924,-0.0068096863,0.007684897,-0.0041672615,-0.009052766
-7.221358E-5,-1.8711638E-4,-4.8628886E-4,0.0032064985,1.18463155E-4,2.8006102E-6,0.0019448571,-3.7532332E-4,0.002683911,-0.0016105105,-0.0038743194,0.0031232,0.007351961,0.0043631345,0.005668336,-0.0051577482,-6.111769E-4,0.0016714194,0.0065781483,0.0027893353,-4.502976E-4,-0.0043309927,-8.7161246E-4,0.0071001644,0.002889009,-0.0070401733,-0.006665107,-0.0039672297,0.007946873,-0.013814952,0.008752634,-0.009796885,0.013974051
3.7330063E-4,-9.3613744E-5,-2.7715796E-4,-9.539924E-4,6.309101E-4,-2.3723092E-4,-4.4062646E-4,0.001175746,-0.003836617,-0.0048653544,-9.161957E-4,0.0023889646,-0.0030874875,0.0026375484,0.0030743987,0.0024689424,-0.0014016181,-0.0015225032,-0.0052923267,0.0039204536,-0.009911478,0.0022123926,0.0076823165,0.013365388,-8.5073395E-4,-0.010870203,-0.0066611418,0.0026289485,-0.0010815103,4.908414E-4,0.0029053404,-0.0013358186,0.0026069568
-3.6686263E-4,-2.6213343E-4,-5.8486895E-4,-0.0026789967,-0.0027630462,2.5584974E-4,0.0010278817,-0.0033357153,0.0028031725,3.6357416E-4,-0.0038166896,-0.003463465,-0.0045532244,0.004309897,-0.0042337454,0.008458724,-0.0048194467,-0.0060008103,0.0014013055,0.0071380152,-0.0049261423,-0.004446761,-0.004965991,0.004692781,-0.0022946128,-2.4058933E-4,-0.0053430335,-0.0010586882,-8.419926E-4,0.0013987628,-0.006016416,-0.0022800476,0.008005051
-2.0696038E-4,5.9356007E-6,-3.6979516E-5,0.0022112809,0.0011586937,3.9423513E-4,3.750786E-4,0.0024590297,-0.0015427128,-0.002980524,0.0018722087,-0.010026645,0.0061499216,-0.0024737786,0.0059359088,-0.0034884342,4.97355E-6,0.0020211649,-0.0036121798,-6.4418785E-4,-0.0013345226,4.3950617E-4,-0.0051428126,0.009156915,0.0036312873,-0.0054506417,-0.004076605,0.0032339087,0.0023523893,-0.0042721536,0.004976118,-0.002421875,0.001390673
-7.8136865E-5,2.891588E-5,4.6301493E-4,0.002221824,-2.6806342E-4,4.308045E-5,-2.8400452E-4,-0.0023145347,5.654189E-4,0.0066037504,-0.0024944765,0.0011820415,0.003409443,0.0016456237,-0.004434271,-9.760458E-4,-0.010208664,-0.0024317813,-0.003298066,-0.0018763468,0.011755565,-0.0028687476,0.0014718424,-0.008534186,-3.662733E-4,0.0061789006,-0.001112596,7.273401E-4,0.005752912,0.0034779268,0.007769433,-0.0051194387,-0.0041202386
-4.6155872E-4,-2.3499348E-4,-7.035665E-4,-0.0021291797,-0.0017488666,7.876293E-4,0.0019679766,-0.00226818,7.1792456E-4,9.8717384E-5,9.389028E-4,0.0025794397,0.0062065064,-0.0052416697,7.953744E-5,0.0033435393,0.004545273,-0.0027301617,-0.00449462,-0.0017130815,-0.0011141095,0.0032962156,-0.0045167347,0.002793343,-4.2808766E-4,0.0031172263,0.0020022609,0.0028069436,-9.210321E-4,-0.0060926704,-0.011049108,-0.0017170688,0.0061372453
-9.2133187E-4,1.9051961E-4,5.761594E-4,-9.4577984E-4,4.7787337E-4,0.0012012259,1.5836864E-4,0.003487524,0.0016245912,-0.0021334952,4.706831E-4,0.0027398143,-0.009194428,0.0029631134,-0.001255453,-9.958002E-5,3.5237498E-4,0.004449445,-0.0028736214,0.0011459268,-0.008377845,-3.5873376E-4,-0.007206274,-0.0013313865,-0.0034888866,-0.005926535,-4.7906904E-4,0.0028482338,-0.0051332964,0.0028847922,0.0012526275,0.009486125,-0.008398918
