2661.0055850446074
2001.4015066669604
1684.0961512187248
971.4586412915467
921.122885159166
782.2943680376196
655.4621703624217
623.7000280012378
506.71619998773457
505.36606881466815
495.41433651806955
435.13875473546966
385.2316922192373
384.08608873593437
364.25017478520704
361.51691886245453
325.35688535749716
297.79546667876735
295.3881452327743
281.0340680683812
271.76251259949305
266.9417170300918
253.35270207104696
240.0640071827801
235.7370908222356
222.84120085774626
215.462268713729
210.24206767209893
203.87436587189387
194.02738870921434
185.32698334209206
181.76571366064923
169.17157253453487
165.86521207397146
160.51064818489053
154.16197380827373
145.97535780126924
141.2931446264047
136.98753168401447
134.42789930560295
129.2133814714293
127.82007310461768
127.46023246014431
124.02341715723402
120.79784466712621
